,G_base,G_1,G_2,G_3,G_4,G_5,G_6,G_7,G_8,G_9,G_10,G_11,G_12,G_13,G_14,G_15,G_16,G_17,G_18,G_19,G_20,G_21,G_22,G_23,G_24,G_25,G_26,G_27,G_28,G_29,G_30,G_31,G_32,G_33,G_34,G_35,G_36,G_37,G_38,G_39,G_40,G_41
G_base,0.0,208.0,58.0,350.0,262.0,94.0,158.0,139.0,112.0,128.0,214.0,192.0,114.0,114.0,48.0,127.0,112.0,41.0,73.0,52.0,94.0,76.0,45.0,72.0,100.0,90.0,89.0,77.0,126.0,54.0,214.0,43.0,52.0,12.0,117.0,176.0,175.0,72.0,39.0,26.0,132.0,1460.0
G_1,208.0,0.0,174.0,549.0,464.0,132.0,353.0,100.0,306.0,93.0,21.0,43.0,308.0,315.0,247.0,327.0,313.0,194.0,270.0,247.0,131.0,154.0,198.0,153.0,137.0,290.0,134.0,274.0,329.0,174.0,14.0,195.0,251.0,213.0,312.0,366.0,373.0,150.0,238.0,218.0,323.0,1660.0
G_2,58.0,174.0,0.0,394.0,311.0,57.0,199.0,94.0,150.0,97.0,173.0,151.0,154.0,164.0,97.0,170.0,163.0,38.0,112.0,98.0,56.0,33.0,41.0,36.0,55.0,138.0,60.0,121.0,175.0,23.0,178.0,46.0,98.0,61.0,161.0,214.0,225.0,35.0,89.0,69.0,170.0,1500.0
G_3,350.0,549.0,394.0,0.0,92.0,434.0,220.0,479.0,256.0,470.0,555.0,535.0,255.0,252.0,330.0,236.0,253.0,375.0,294.0,311.0,433.0,414.0,375.0,411.0,433.0,273.0,434.0,295.0,236.0,390.0,551.0,380.0,314.0,354.0,255.0,199.0,193.0,414.0,335.0,354.0,236.0,1120.0
G_4,262.0,464.0,311.0,92.0,0.0,351.0,146.0,394.0,174.0,386.0,472.0,447.0,174.0,176.0,259.0,149.0,174.0,295.0,209.0,226.0,348.0,328.0,291.0,326.0,349.0,190.0,347.0,218.0,149.0,309.0,468.0,297.0,230.0,266.0,177.0,118.0,121.0,327.0,253.0,278.0,151.0,1200.0
G_5,94.0,132.0,57.0,434.0,351.0,0.0,232.0,59.0,191.0,55.0,137.0,114.0,190.0,197.0,132.0,210.0,196.0,79.0,155.0,132.0,17.0,39.0,80.0,35.0,21.0,171.0,12.0,150.0,213.0,54.0,138.0,79.0,129.0,93.0,195.0,248.0,253.0,36.0,123.0,100.0,212.0,1540.0
G_6,158.0,353.0,199.0,220.0,146.0,232.0,0.0,282.0,62.0,270.0,355.0,328.0,62.0,61.0,139.0,43.0,57.0,176.0,107.0,120.0,233.0,219.0,187.0,211.0,238.0,78.0,235.0,95.0,47.0,192.0,361.0,172.0,116.0,157.0,57.0,42.0,44.0,220.0,137.0,156.0,42.0,1320.0
G_7,139.0,100.0,94.0,479.0,394.0,59.0,282.0,0.0,232.0,26.0,102.0,81.0,232.0,242.0,176.0,254.0,242.0,115.0,196.0,178.0,61.0,79.0,118.0,80.0,60.0,220.0,63.0,203.0,258.0,102.0,98.0,125.0,177.0,142.0,243.0,291.0,302.0,75.0,172.0,140.0,252.0,1580.0
G_8,112.0,306.0,150.0,256.0,174.0,191.0,62.0,232.0,0.0,228.0,312.0,287.0,19.0,25.0,110.0,30.0,23.0,129.0,55.0,77.0,187.0,171.0,137.0,168.0,191.0,35.0,192.0,59.0,37.0,151.0,314.0,137.0,77.0,119.0,23.0,71.0,81.0,169.0,100.0,118.0,33.0,1360.0
G_9,128.0,93.0,97.0,470.0,386.0,55.0,270.0,26.0,228.0,0.0,97.0,74.0,227.0,230.0,164.0,247.0,230.0,118.0,192.0,169.0,53.0,75.0,119.0,68.0,58.0,207.0,51.0,190.0,250.0,92.0,100.0,119.0,167.0,131.0,231.0,292.0,295.0,72.0,160.0,137.0,248.0,1580.0
G_10,214.0,21.0,173.0,555.0,472.0,137.0,355.0,102.0,312.0,97.0,0.0,38.0,313.0,318.0,245.0,331.0,312.0,197.0,278.0,257.0,134.0,151.0,203.0,153.0,139.0,296.0,139.0,272.0,336.0,181.0,19.0,198.0,253.0,219.0,319.0,374.0,372.0,157.0,237.0,223.0,333.0,1660.0
G_11,192.0,43.0,151.0,535.0,447.0,114.0,328.0,81.0,287.0,74.0,38.0,0.0,292.0,294.0,220.0,305.0,291.0,172.0,254.0,230.0,110.0,135.0,177.0,128.0,115.0,269.0,114.0,248.0,309.0,152.0,48.0,174.0,231.0,195.0,291.0,347.0,357.0,134.0,213.0,196.0,307.0,1640.0
G_12,114.0,308.0,154.0,255.0,174.0,190.0,62.0,232.0,19.0,227.0,313.0,292.0,0.0,23.0,111.0,36.0,24.0,137.0,55.0,74.0,193.0,174.0,137.0,171.0,191.0,34.0,188.0,61.0,37.0,156.0,312.0,136.0,74.0,114.0,27.0,76.0,84.0,170.0,107.0,121.0,37.0,1360.0
G_13,114.0,315.0,164.0,252.0,176.0,197.0,61.0,242.0,25.0,230.0,318.0,294.0,23.0,0.0,97.0,43.0,17.0,142.0,67.0,82.0,196.0,182.0,145.0,173.0,200.0,38.0,193.0,58.0,40.0,154.0,317.0,140.0,77.0,119.0,20.0,84.0,78.0,177.0,101.0,116.0,40.0,1360.0
G_14,48.0,247.0,97.0,330.0,259.0,132.0,139.0,176.0,110.0,164.0,245.0,220.0,111.0,97.0,0.0,126.0,97.0,76.0,73.0,49.0,125.0,114.0,80.0,107.0,135.0,83.0,128.0,66.0,126.0,82.0,253.0,68.0,47.0,51.0,100.0,166.0,155.0,117.0,22.0,45.0,128.0,1440.0
G_15,127.0,327.0,170.0,236.0,149.0,210.0,43.0,254.0,30.0,247.0,331.0,305.0,36.0,43.0,126.0,0.0,38.0,152.0,70.0,92.0,205.0,188.0,158.0,187.0,214.0,51.0,207.0,75.0,14.0,169.0,335.0,154.0,91.0,132.0,38.0,54.0,63.0,189.0,115.0,139.0,12.0,1340.0
G_16,112.0,313.0,163.0,253.0,174.0,196.0,57.0,242.0,23.0,230.0,312.0,291.0,24.0,17.0,97.0,38.0,0.0,140.0,65.0,77.0,194.0,176.0,144.0,170.0,198.0,35.0,191.0,55.0,39.0,151.0,319.0,139.0,73.0,112.0,20.0,80.0,74.0,179.0,97.0,116.0,42.0,1360.0
G_17,41.0,194.0,38.0,375.0,295.0,79.0,176.0,115.0,129.0,118.0,197.0,172.0,137.0,142.0,76.0,152.0,140.0,0.0,98.0,80.0,75.0,57.0,24.0,56.0,77.0,116.0,84.0,101.0,156.0,43.0,199.0,23.0,81.0,48.0,141.0,190.0,201.0,56.0,66.0,44.0,152.0,1480.0
G_18,73.0,270.0,112.0,294.0,209.0,155.0,107.0,196.0,55.0,192.0,278.0,254.0,55.0,67.0,73.0,70.0,65.0,98.0,0.0,38.0,155.0,133.0,99.0,135.0,157.0,38.0,150.0,27.0,73.0,115.0,276.0,101.0,40.0,75.0,64.0,116.0,128.0,133.0,64.0,86.0,76.0,1400.0
G_19,52.0,247.0,98.0,311.0,226.0,132.0,120.0,178.0,77.0,169.0,257.0,230.0,74.0,82.0,49.0,92.0,77.0,80.0,38.0,0.0,130.0,119.0,81.0,112.0,135.0,52.0,130.0,41.0,91.0,95.0,254.0,81.0,18.0,54.0,78.0,132.0,140.0,116.0,44.0,64.0,91.0,1420.0
G_20,94.0,131.0,56.0,433.0,348.0,17.0,233.0,61.0,187.0,53.0,134.0,110.0,193.0,196.0,125.0,205.0,194.0,75.0,155.0,130.0,0.0,38.0,81.0,33.0,23.0,171.0,18.0,154.0,210.0,55.0,137.0,75.0,132.0,98.0,188.0,244.0,253.0,40.0,119.0,97.0,207.0,1540.0
G_21,76.0,154.0,33.0,414.0,328.0,39.0,219.0,79.0,171.0,75.0,151.0,135.0,174.0,182.0,114.0,188.0,176.0,57.0,133.0,119.0,38.0,0.0,59.0,15.0,36.0,157.0,41.0,141.0,196.0,46.0,158.0,63.0,112.0,80.0,181.0,234.0,240.0,12.0,106.0,89.0,192.0,1520.0
G_22,45.0,198.0,41.0,375.0,291.0,80.0,187.0,118.0,137.0,119.0,203.0,177.0,137.0,145.0,80.0,158.0,144.0,24.0,99.0,81.0,81.0,59.0,0.0,59.0,73.0,120.0,82.0,108.0,159.0,46.0,203.0,30.0,82.0,48.0,148.0,193.0,209.0,53.0,77.0,50.0,159.0,1480.0
G_23,72.0,153.0,36.0,411.0,326.0,35.0,211.0,80.0,168.0,68.0,153.0,128.0,171.0,173.0,107.0,187.0,170.0,56.0,135.0,112.0,33.0,15.0,59.0,0.0,36.0,147.0,34.0,130.0,192.0,35.0,157.0,59.0,108.0,76.0,172.0,228.0,233.0,15.0,101.0,78.0,187.0,1520.0
G_24,100.0,137.0,55.0,433.0,349.0,21.0,238.0,60.0,191.0,58.0,139.0,115.0,191.0,200.0,135.0,214.0,198.0,77.0,157.0,135.0,23.0,36.0,73.0,36.0,0.0,175.0,23.0,157.0,215.0,63.0,142.0,84.0,137.0,101.0,201.0,251.0,260.0,35.0,130.0,105.0,214.0,1540.0
G_25,90.0,290.0,138.0,273.0,190.0,171.0,78.0,220.0,35.0,207.0,296.0,269.0,34.0,38.0,83.0,51.0,35.0,116.0,38.0,52.0,171.0,157.0,120.0,147.0,175.0,0.0,167.0,39.0,55.0,130.0,297.0,114.0,54.0,91.0,38.0,97.0,97.0,156.0,78.0,100.0,57.0,1380.0
G_26,89.0,134.0,60.0,434.0,347.0,12.0,235.0,63.0,192.0,51.0,139.0,114.0,188.0,193.0,128.0,207.0,191.0,84.0,150.0,130.0,18.0,41.0,82.0,34.0,23.0,167.0,0.0,150.0,207.0,53.0,141.0,81.0,131.0,88.0,192.0,250.0,255.0,37.0,119.0,100.0,211.0,1540.0
G_27,77.0,274.0,121.0,295.0,218.0,150.0,95.0,203.0,59.0,190.0,272.0,248.0,61.0,58.0,66.0,75.0,55.0,101.0,27.0,41.0,154.0,141.0,108.0,130.0,157.0,39.0,150.0,0.0,79.0,111.0,277.0,99.0,34.0,78.0,56.0,117.0,112.0,138.0,59.0,74.0,78.0,1400.0
G_28,126.0,329.0,175.0,236.0,149.0,213.0,47.0,258.0,37.0,250.0,336.0,309.0,37.0,40.0,126.0,14.0,39.0,156.0,73.0,91.0,210.0,196.0,159.0,192.0,215.0,55.0,207.0,79.0,0.0,171.0,337.0,157.0,95.0,129.0,41.0,55.0,63.0,190.0,116.0,140.0,19.0,1340.0
G_29,54.0,174.0,23.0,390.0,309.0,54.0,192.0,102.0,151.0,92.0,181.0,152.0,156.0,154.0,82.0,169.0,151.0,43.0,115.0,95.0,55.0,46.0,46.0,35.0,63.0,130.0,53.0,111.0,171.0,0.0,183.0,39.0,91.0,55.0,149.0,211.0,213.0,42.0,77.0,56.0,173.0,1500.0
G_30,214.0,14.0,178.0,551.0,468.0,138.0,361.0,98.0,314.0,100.0,19.0,48.0,312.0,317.0,253.0,335.0,319.0,199.0,276.0,254.0,137.0,158.0,203.0,157.0,142.0,297.0,141.0,277.0,337.0,183.0,0.0,204.0,259.0,221.0,319.0,374.0,375.0,157.0,247.0,221.0,331.0,1660.0
G_31,43.0,195.0,46.0,380.0,297.0,79.0,172.0,125.0,137.0,119.0,198.0,174.0,136.0,140.0,68.0,154.0,139.0,23.0,101.0,81.0,75.0,63.0,30.0,59.0,84.0,114.0,81.0,99.0,157.0,39.0,204.0,0.0,74.0,43.0,137.0,193.0,199.0,61.0,56.0,42.0,156.0,1480.0
G_32,52.0,251.0,98.0,314.0,230.0,129.0,116.0,177.0,77.0,167.0,253.0,231.0,74.0,77.0,47.0,91.0,73.0,81.0,40.0,18.0,132.0,112.0,82.0,108.0,137.0,54.0,131.0,34.0,95.0,91.0,259.0,74.0,0.0,55.0,77.0,134.0,133.0,111.0,39.0,59.0,93.0,1420.0
G_33,12.0,213.0,61.0,354.0,266.0,93.0,157.0,142.0,119.0,131.0,219.0,195.0,114.0,119.0,51.0,132.0,112.0,48.0,75.0,54.0,98.0,80.0,48.0,76.0,101.0,91.0,88.0,78.0,129.0,55.0,221.0,43.0,55.0,0.0,119.0,177.0,177.0,78.0,43.0,30.0,138.0,1460.0
G_34,117.0,312.0,161.0,255.0,177.0,195.0,57.0,243.0,23.0,231.0,319.0,291.0,27.0,20.0,100.0,38.0,20.0,141.0,64.0,78.0,188.0,181.0,148.0,172.0,201.0,38.0,192.0,56.0,41.0,149.0,319.0,137.0,77.0,119.0,0.0,78.0,78.0,182.0,94.0,115.0,35.0,1360.0
G_35,176.0,366.0,214.0,199.0,118.0,248.0,42.0,291.0,71.0,292.0,374.0,347.0,76.0,84.0,166.0,54.0,80.0,190.0,116.0,132.0,244.0,234.0,193.0,228.0,251.0,97.0,250.0,117.0,55.0,211.0,374.0,193.0,134.0,177.0,78.0,0.0,24.0,230.0,160.0,175.0,53.0,1300.0
G_36,175.0,373.0,225.0,193.0,121.0,253.0,44.0,302.0,81.0,295.0,372.0,357.0,84.0,78.0,155.0,63.0,74.0,201.0,128.0,140.0,253.0,240.0,209.0,233.0,260.0,97.0,255.0,112.0,63.0,213.0,375.0,199.0,133.0,177.0,78.0,24.0,0.0,242.0,155.0,176.0,65.0,1300.0
G_37,72.0,150.0,35.0,414.0,327.0,36.0,220.0,75.0,169.0,72.0,157.0,134.0,170.0,177.0,117.0,189.0,179.0,56.0,133.0,116.0,40.0,12.0,53.0,15.0,35.0,156.0,37.0,138.0,190.0,42.0,157.0,61.0,111.0,78.0,182.0,230.0,242.0,0.0,106.0,85.0,188.0,1520.0
G_38,39.0,238.0,89.0,335.0,253.0,123.0,137.0,172.0,100.0,160.0,237.0,213.0,107.0,101.0,22.0,115.0,97.0,66.0,64.0,44.0,119.0,106.0,77.0,101.0,130.0,78.0,119.0,59.0,116.0,77.0,247.0,56.0,39.0,43.0,94.0,160.0,155.0,106.0,0.0,44.0,119.0,1440.0
G_39,26.0,218.0,69.0,354.0,278.0,100.0,156.0,140.0,118.0,137.0,223.0,196.0,121.0,116.0,45.0,139.0,116.0,44.0,86.0,64.0,97.0,89.0,50.0,78.0,105.0,100.0,100.0,74.0,140.0,56.0,221.0,42.0,59.0,30.0,115.0,175.0,176.0,85.0,44.0,0.0,138.0,1460.0
G_40,132.0,323.0,170.0,236.0,151.0,212.0,42.0,252.0,33.0,248.0,333.0,307.0,37.0,40.0,128.0,12.0,42.0,152.0,76.0,91.0,207.0,192.0,159.0,187.0,214.0,57.0,211.0,78.0,19.0,173.0,331.0,156.0,93.0,138.0,35.0,53.0,65.0,188.0,119.0,138.0,0.0,1340.0
G_41,1460.0,1660.0,1500.0,1120.0,1200.0,1540.0,1320.0,1580.0,1360.0,1580.0,1660.0,1640.0,1360.0,1360.0,1440.0,1340.0,1360.0,1480.0,1400.0,1420.0,1540.0,1520.0,1480.0,1520.0,1540.0,1380.0,1540.0,1400.0,1340.0,1500.0,1660.0,1480.0,1420.0,1460.0,1360.0,1300.0,1300.0,1520.0,1440.0,1460.0,1340.0,0.0
