,G_base,G_1,G_2,G_3,G_4,G_5,G_6,G_7,G_8,G_9,G_10,G_11,G_12,G_13,G_14,G_15,G_16,G_17,G_18,G_19,G_20,G_21,G_22,G_23,G_24,G_25,G_26,G_27,G_28,G_29,G_30,G_31,G_32,G_33,G_34,G_35,G_36,G_37,G_38,G_39,G_40,G_41,G_42,G_43,G_44,G_45,G_46,G_47,G_48,G_49,G_50,G_51,G_52,G_53,G_54,G_55,G_56,G_57,G_58,G_59,G_60,G_61,G_62,G_63,G_64,G_65,G_66,G_67,G_68,G_69,G_70,G_71,G_72,G_73,G_74,G_75,G_76,G_77,G_78,G_79,G_80,G_81,G_82,G_83,G_84,G_85,G_86,G_87,G_88,G_89,G_90,G_91,G_92,G_93,G_94,G_95,G_96,G_97,G_98,G_99,G_100,G_101,G_102,G_103,G_104,G_105,G_106,G_107,G_108,G_109,G_110,G_111,G_112,G_113,G_114,G_115,G_116,G_117,G_118,G_119,G_120,G_121,G_122,G_123,G_124,G_125,G_126,G_127,G_128,G_129,G_130,G_131,G_132,G_133,G_134,G_135,G_136,G_137,G_138,G_139,G_140,G_141,G_142,G_143,G_144,G_145,G_146,G_147,G_148,G_149,G_150,G_151,G_152,G_153,G_154,G_155,G_156,G_157,G_158,G_159,G_160,G_161,G_162,G_163,G_164,G_165,G_166,G_167,G_168,G_169,G_170,G_171,G_172,G_173,G_174,G_175,G_176,G_177,G_178,G_179,G_180,G_181,G_182,G_183,G_184,G_185,G_186,G_187,G_188,G_189,G_190,G_191,G_192,G_193,G_194,G_195,G_196,G_197,G_198,G_199,G_200,G_201
G_base,0.0,283.0,346.0,226.0,41.0,56.0,37.0,70.0,69.0,33.0,43.0,135.0,93.0,55.0,286.0,92.0,114.0,36.0,165.0,147.0,57.0,113.0,36.0,89.0,54.0,170.0,265.0,17.0,304.0,153.0,48.0,96.0,108.0,130.0,170.0,248.0,193.0,225.0,52.0,109.0,168.0,55.0,208.0,129.0,90.0,148.0,126.0,88.0,188.0,35.0,93.0,347.0,51.0,114.0,172.0,166.0,91.0,89.0,74.0,94.0,148.0,146.0,30.0,94.0,31.0,230.0,190.0,33.0,187.0,11.0,292.0,185.0,56.0,243.0,92.0,39.0,186.0,108.0,151.0,91.0,383.0,112.0,34.0,195.0,133.0,38.0,15.0,133.0,328.0,107.0,151.0,51.0,54.0,132.0,128.0,69.0,189.0,162.0,207.0,111.0,144.0,73.0,209.0,286.0,243.0,30.0,185.0,70.0,246.0,365.0,110.0,16.0,95.0,76.0,86.0,90.0,133.0,149.0,214.0,209.0,111.0,131.0,50.0,50.0,73.0,176.0,25.0,244.0,108.0,226.0,325.0,366.0,17.0,154.0,109.0,51.0,35.0,150.0,111.0,68.0,91.0,225.0,79.0,248.0,112.0,243.0,150.0,35.0,305.0,15.0,108.0,21.0,89.0,326.0,248.0,91.0,186.0,153.0,55.0,10.0,149.0,69.0,145.0,124.0,213.0,89.0,95.0,70.0,209.0,116.0,168.0,304.0,88.0,66.0,108.0,94.0,48.0,106.0,92.0,188.0,53.0,144.0,126.0,269.0,54.0,401.0,92.0,19.0,129.0,363.0,90.0,33.0,187.0,185.0,113.0,71.0,234.0,209.0,108.0,228.0,169.0,1160.0
G_1,283.0,0.0,72.0,507.0,273.0,253.0,269.0,230.0,347.0,311.0,277.0,179.0,369.0,333.0,20.0,209.0,189.0,313.0,443.0,149.0,256.0,389.0,310.0,367.0,330.0,134.0,35.0,291.0,35.0,150.0,329.0,373.0,190.0,410.0,134.0,55.0,123.0,72.0,330.0,387.0,137.0,330.0,95.0,408.0,366.0,156.0,407.0,210.0,468.0,311.0,374.0,75.0,326.0,390.0,135.0,447.0,370.0,211.0,351.0,216.0,153.0,148.0,268.0,215.0,307.0,73.0,113.0,272.0,464.0,290.0,23.0,112.0,253.0,524.0,366.0,313.0,111.0,194.0,157.0,209.0,112.0,193.0,307.0,125.0,174.0,310.0,284.0,175.0,56.0,188.0,424.0,250.0,329.0,177.0,407.0,346.0,468.0,130.0,95.0,389.0,425.0,233.0,97.0,20.0,53.0,304.0,466.0,348.0,53.0,92.0,388.0,285.0,372.0,350.0,208.0,210.0,173.0,154.0,107.0,95.0,196.0,171.0,252.0,252.0,349.0,137.0,292.0,52.0,387.0,504.0,604.0,98.0,290.0,426.0,194.0,250.0,270.0,428.0,188.0,231.0,368.0,506.0,234.0,61.0,389.0,526.0,155.0,272.0,35.0,291.0,186.0,292.0,213.0,54.0,58.0,214.0,468.0,163.0,250.0,289.0,430.0,347.0,425.0,166.0,95.0,366.0,371.0,229.0,96.0,191.0,135.0,39.0,366.0,231.0,386.0,371.0,328.0,386.0,370.0,117.0,252.0,147.0,403.0,39.0,248.0,683.0,213.0,289.0,172.0,95.0,209.0,272.0,466.0,115.0,193.0,228.0,82.0,94.0,388.0,73.0,447.0,880.0
G_2,346.0,72.0,0.0,570.0,332.0,313.0,333.0,293.0,411.0,371.0,340.0,236.0,426.0,394.0,76.0,268.0,250.0,370.0,504.0,212.0,317.0,446.0,370.0,425.0,386.0,194.0,96.0,350.0,53.0,211.0,391.0,429.0,251.0,471.0,192.0,118.0,182.0,133.0,390.0,447.0,191.0,391.0,154.0,462.0,424.0,213.0,463.0,273.0,531.0,370.0,429.0,15.0,390.0,447.0,197.0,508.0,432.0,271.0,407.0,273.0,213.0,210.0,331.0,278.0,371.0,134.0,172.0,327.0,526.0,347.0,78.0,173.0,311.0,584.0,431.0,370.0,171.0,254.0,221.0,270.0,56.0,256.0,368.0,174.0,231.0,369.0,348.0,237.0,46.0,251.0,483.0,313.0,387.0,236.0,466.0,408.0,527.0,189.0,153.0,447.0,484.0,291.0,160.0,77.0,112.0,369.0,528.0,407.0,113.0,37.0,448.0,348.0,435.0,408.0,268.0,268.0,230.0,212.0,158.0,151.0,253.0,230.0,307.0,311.0,404.0,197.0,353.0,110.0,450.0,566.0,662.0,38.0,350.0,484.0,246.0,312.0,329.0,489.0,251.0,290.0,427.0,567.0,290.0,120.0,448.0,585.0,215.0,332.0,57.0,348.0,251.0,351.0,271.0,36.0,119.0,273.0,527.0,216.0,311.0,348.0,485.0,407.0,487.0,229.0,156.0,429.0,429.0,287.0,156.0,254.0,192.0,58.0,426.0,291.0,448.0,426.0,389.0,447.0,425.0,176.0,310.0,210.0,464.0,100.0,310.0,746.0,268.0,353.0,230.0,38.0,269.0,328.0,529.0,173.0,256.0,291.0,142.0,157.0,446.0,137.0,504.0,820.0
G_3,226.0,507.0,570.0,0.0,253.0,275.0,257.0,290.0,174.0,214.0,260.0,357.0,156.0,194.0,507.0,312.0,333.0,216.0,74.0,367.0,275.0,138.0,218.0,152.0,200.0,389.0,486.0,236.0,528.0,371.0,193.0,154.0,328.0,116.0,393.0,470.0,416.0,449.0,193.0,130.0,390.0,195.0,430.0,118.0,154.0,368.0,116.0,310.0,56.0,212.0,157.0,569.0,194.0,140.0,392.0,78.0,153.0,310.0,171.0,312.0,367.0,366.0,249.0,314.0,216.0,447.0,410.0,252.0,57.0,236.0,508.0,407.0,272.0,35.0,154.0,217.0,408.0,332.0,373.0,311.0,605.0,329.0,212.0,418.0,353.0,216.0,237.0,350.0,550.0,328.0,95.0,269.0,195.0,351.0,111.0,173.0,63.0,384.0,425.0,139.0,95.0,287.0,432.0,506.0,466.0,209.0,58.0,170.0,470.0,589.0,134.0,234.0,163.0,177.0,311.0,312.0,353.0,368.0,429.0,431.0,333.0,354.0,274.0,272.0,172.0,392.0,233.0,466.0,135.0,20.0,120.0,590.0,234.0,103.0,334.0,269.0,254.0,100.0,333.0,288.0,156.0,18.0,298.0,471.0,132.0,37.0,368.0,254.0,528.0,231.0,330.0,236.0,312.0,549.0,472.0,310.0,56.0,373.0,275.0,232.0,96.0,174.0,93.0,347.0,432.0,149.0,162.0,294.0,431.0,331.0,388.0,529.0,154.0,286.0,131.0,158.0,190.0,130.0,159.0,407.0,272.0,366.0,116.0,491.0,267.0,196.0,314.0,235.0,349.0,588.0,313.0,255.0,61.0,410.0,332.0,292.0,452.0,430.0,136.0,450.0,78.0,1380.0
G_4,41.0,273.0,332.0,253.0,0.0,42.0,27.0,59.0,101.0,67.0,38.0,135.0,125.0,87.0,273.0,78.0,101.0,59.0,195.0,132.0,44.0,143.0,57.0,123.0,85.0,157.0,251.0,46.0,289.0,137.0,81.0,120.0,102.0,162.0,156.0,234.0,186.0,216.0,81.0,144.0,167.0,85.0,197.0,162.0,117.0,138.0,161.0,81.0,216.0,60.0,122.0,332.0,80.0,137.0,159.0,199.0,118.0,80.0,99.0,86.0,135.0,133.0,30.0,88.0,64.0,214.0,177.0,32.0,217.0,45.0,275.0,175.0,37.0,271.0,114.0,65.0,175.0,100.0,140.0,79.0,370.0,97.0,65.0,183.0,120.0,59.0,40.0,118.0,319.0,98.0,172.0,46.0,84.0,116.0,164.0,99.0,218.0,157.0,189.0,142.0,179.0,58.0,198.0,274.0,233.0,56.0,220.0,101.0,234.0,354.0,139.0,41.0,127.0,102.0,79.0,81.0,120.0,138.0,201.0,200.0,104.0,120.0,49.0,49.0,97.0,154.0,39.0,226.0,143.0,256.0,357.0,354.0,49.0,177.0,102.0,43.0,23.0,179.0,103.0,63.0,125.0,257.0,66.0,244.0,141.0,274.0,141.0,26.0,292.0,46.0,101.0,44.0,81.0,309.0,244.0,78.0,219.0,143.0,46.0,43.0,181.0,106.0,180.0,117.0,200.0,119.0,120.0,65.0,198.0,99.0,156.0,294.0,121.0,59.0,139.0,122.0,82.0,137.0,124.0,178.0,44.0,136.0,158.0,255.0,39.0,432.0,85.0,41.0,118.0,356.0,79.0,27.0,217.0,182.0,103.0,62.0,216.0,197.0,136.0,213.0,202.0,1140.0
G_5,56.0,253.0,313.0,275.0,42.0,0.0,39.0,40.0,112.0,77.0,53.0,106.0,145.0,104.0,257.0,58.0,78.0,84.0,213.0,117.0,21.0,161.0,82.0,137.0,100.0,139.0,235.0,62.0,273.0,115.0,97.0,141.0,74.0,173.0,138.0,213.0,162.0,193.0,98.0,159.0,141.0,100.0,168.0,176.0,137.0,112.0,175.0,63.0,237.0,83.0,139.0,313.0,90.0,158.0,139.0,222.0,138.0,59.0,122.0,65.0,116.0,113.0,43.0,61.0,80.0,197.0,156.0,45.0,227.0,59.0,259.0,155.0,24.0,295.0,135.0,80.0,159.0,79.0,122.0,61.0,352.0,81.0,81.0,155.0,97.0,79.0,61.0,102.0,290.0,71.0,194.0,25.0,99.0,96.0,178.0,115.0,240.0,135.0,175.0,158.0,192.0,38.0,180.0,254.0,213.0,78.0,234.0,113.0,214.0,329.0,158.0,53.0,142.0,119.0,57.0,57.0,99.0,113.0,180.0,174.0,85.0,101.0,24.0,24.0,121.0,141.0,70.0,213.0,158.0,277.0,379.0,333.0,64.0,198.0,79.0,19.0,42.0,196.0,79.0,41.0,140.0,275.0,42.0,219.0,156.0,293.0,114.0,38.0,275.0,60.0,78.0,63.0,62.0,296.0,214.0,60.0,239.0,125.0,19.0,57.0,192.0,116.0,198.0,93.0,182.0,135.0,142.0,38.0,177.0,80.0,139.0,273.0,137.0,37.0,152.0,138.0,96.0,155.0,133.0,160.0,22.0,110.0,172.0,237.0,21.0,453.0,64.0,59.0,97.0,333.0,63.0,37.0,238.0,157.0,77.0,44.0,197.0,174.0,156.0,190.0,219.0,1120.0
G_6,37.0,269.0,333.0,257.0,27.0,39.0,0.0,56.0,101.0,60.0,27.0,118.0,127.0,83.0,273.0,77.0,99.0,63.0,195.0,135.0,39.0,139.0,63.0,119.0,78.0,155.0,250.0,48.0,291.0,134.0,72.0,121.0,94.0,156.0,157.0,231.0,177.0,207.0,80.0,141.0,157.0,84.0,194.0,153.0,118.0,133.0,159.0,75.0,215.0,65.0,117.0,336.0,80.0,141.0,155.0,201.0,121.0,83.0,104.0,80.0,134.0,135.0,21.0,80.0,59.0,217.0,178.0,23.0,217.0,41.0,276.0,177.0,45.0,273.0,116.0,58.0,176.0,97.0,134.0,79.0,371.0,100.0,63.0,182.0,117.0,61.0,36.0,119.0,309.0,94.0,178.0,44.0,81.0,116.0,159.0,101.0,219.0,155.0,199.0,143.0,172.0,58.0,194.0,272.0,234.0,58.0,214.0,96.0,230.0,347.0,143.0,35.0,121.0,101.0,76.0,74.0,118.0,141.0,197.0,199.0,101.0,120.0,37.0,41.0,101.0,157.0,51.0,232.0,137.0,254.0,360.0,352.0,44.0,177.0,97.0,37.0,28.0,176.0,97.0,62.0,124.0,253.0,59.0,233.0,138.0,275.0,139.0,19.0,291.0,40.0,98.0,41.0,75.0,311.0,234.0,78.0,219.0,142.0,47.0,41.0,174.0,100.0,176.0,117.0,197.0,119.0,118.0,56.0,201.0,101.0,160.0,293.0,116.0,57.0,138.0,120.0,80.0,141.0,118.0,174.0,35.0,135.0,156.0,260.0,43.0,432.0,83.0,37.0,120.0,350.0,81.0,19.0,218.0,176.0,97.0,61.0,217.0,190.0,139.0,213.0,197.0,1140.0
G_7,70.0,230.0,293.0,290.0,59.0,40.0,56.0,0.0,136.0,91.0,65.0,85.0,157.0,113.0,229.0,40.0,58.0,97.0,232.0,92.0,40.0,173.0,94.0,149.0,120.0,118.0,207.0,77.0,249.0,102.0,109.0,159.0,52.0,191.0,115.0,186.0,132.0,171.0,114.0,169.0,116.0,117.0,156.0,194.0,152.0,91.0,189.0,31.0,251.0,96.0,156.0,297.0,114.0,177.0,119.0,232.0,157.0,34.0,133.0,37.0,95.0,94.0,56.0,43.0,93.0,174.0,136.0,58.0,252.0,75.0,236.0,138.0,34.0,308.0,150.0,97.0,132.0,53.0,98.0,38.0,328.0,48.0,97.0,142.0,74.0,92.0,77.0,75.0,274.0,53.0,213.0,37.0,114.0,72.0,190.0,133.0,251.0,112.0,153.0,176.0,213.0,19.0,151.0,227.0,194.0,91.0,251.0,132.0,190.0,310.0,174.0,75.0,159.0,137.0,32.0,38.0,79.0,99.0,158.0,159.0,59.0,78.0,36.0,42.0,133.0,117.0,84.0,186.0,166.0,290.0,393.0,309.0,78.0,215.0,58.0,37.0,56.0,212.0,56.0,17.0,155.0,292.0,16.0,198.0,172.0,313.0,96.0,56.0,246.0,75.0,59.0,78.0,32.0,268.0,190.0,31.0,255.0,101.0,40.0,74.0,215.0,135.0,213.0,71.0,156.0,151.0,158.0,19.0,155.0,57.0,120.0,250.0,154.0,20.0,171.0,158.0,109.0,170.0,157.0,131.0,32.0,93.0,194.0,218.0,36.0,468.0,38.0,75.0,78.0,310.0,32.0,54.0,255.0,136.0,57.0,18.0,175.0,155.0,171.0,169.0,231.0,1100.0
G_8,69.0,347.0,411.0,174.0,101.0,112.0,101.0,136.0,0.0,59.0,105.0,199.0,41.0,39.0,355.0,155.0,173.0,58.0,112.0,213.0,117.0,63.0,57.0,36.0,43.0,236.0,331.0,80.0,370.0,212.0,37.0,37.0,172.0,77.0,235.0,314.0,257.0,292.0,35.0,58.0,236.0,35.0,270.0,79.0,37.0,212.0,76.0,155.0,133.0,61.0,38.0,410.0,34.0,61.0,232.0,118.0,37.0,153.0,20.0,159.0,214.0,208.0,94.0,160.0,58.0,294.0,255.0,95.0,129.0,78.0,354.0,248.0,115.0,194.0,36.0,57.0,251.0,172.0,218.0,155.0,447.0,178.0,57.0,258.0,191.0,57.0,78.0,194.0,389.0,169.0,94.0,112.0,42.0,197.0,78.0,13.0,138.0,229.0,271.0,59.0,92.0,135.0,276.0,350.0,308.0,53.0,132.0,14.0,310.0,431.0,56.0,75.0,48.0,20.0,155.0,154.0,196.0,211.0,276.0,273.0,178.0,195.0,114.0,118.0,23.0,233.0,82.0,311.0,60.0,176.0,273.0,428.0,78.0,99.0,175.0,110.0,93.0,96.0,172.0,131.0,36.0,171.0,139.0,313.0,55.0,191.0,209.0,99.0,370.0,74.0,171.0,80.0,157.0,390.0,314.0,157.0,133.0,213.0,115.0,69.0,99.0,18.0,93.0,188.0,276.0,35.0,43.0,134.0,271.0,177.0,234.0,372.0,34.0,131.0,54.0,41.0,34.0,54.0,36.0,250.0,118.0,206.0,69.0,330.0,112.0,351.0,155.0,77.0,192.0,431.0,155.0,94.0,134.0,252.0,172.0,136.0,291.0,270.0,56.0,289.0,116.0,1220.0
G_9,33.0,311.0,371.0,214.0,67.0,77.0,60.0,91.0,59.0,0.0,58.0,154.0,78.0,40.0,310.0,122.0,142.0,22.0,151.0,176.0,78.0,104.0,23.0,80.0,41.0,198.0,287.0,41.0,329.0,180.0,37.0,80.0,127.0,113.0,198.0,267.0,210.0,248.0,34.0,94.0,190.0,40.0,231.0,120.0,75.0,169.0,109.0,112.0,176.0,27.0,82.0,375.0,43.0,92.0,197.0,155.0,81.0,117.0,61.0,119.0,171.0,175.0,53.0,110.0,19.0,256.0,218.0,58.0,176.0,36.0,315.0,216.0,81.0,230.0,79.0,26.0,214.0,127.0,175.0,116.0,407.0,136.0,24.0,216.0,151.0,21.0,44.0,157.0,347.0,132.0,141.0,73.0,41.0,154.0,113.0,59.0,175.0,189.0,236.0,96.0,139.0,96.0,231.0,307.0,271.0,19.0,174.0,55.0,271.0,388.0,98.0,41.0,77.0,67.0,113.0,118.0,157.0,177.0,238.0,239.0,134.0,156.0,74.0,74.0,64.0,199.0,54.0,269.0,90.0,212.0,313.0,387.0,36.0,144.0,135.0,74.0,60.0,135.0,139.0,93.0,75.0,216.0,101.0,271.0,94.0,233.0,173.0,55.0,327.0,37.0,139.0,42.0,113.0,347.0,268.0,109.0,180.0,176.0,80.0,38.0,132.0,55.0,134.0,151.0,237.0,75.0,86.0,97.0,233.0,140.0,200.0,325.0,81.0,94.0,99.0,76.0,33.0,95.0,75.0,211.0,79.0,171.0,119.0,300.0,80.0,389.0,114.0,41.0,161.0,384.0,116.0,54.0,174.0,213.0,139.0,96.0,256.0,232.0,96.0,250.0,153.0,1180.0
G_10,43.0,277.0,340.0,260.0,38.0,53.0,27.0,65.0,105.0,58.0,0.0,117.0,122.0,84.0,271.0,92.0,111.0,67.0,197.0,144.0,43.0,149.0,70.0,128.0,88.0,158.0,261.0,47.0,295.0,150.0,83.0,125.0,98.0,160.0,164.0,233.0,177.0,212.0,77.0,139.0,155.0,84.0,199.0,164.0,123.0,139.0,158.0,81.0,219.0,73.0,129.0,337.0,88.0,142.0,157.0,201.0,129.0,87.0,109.0,80.0,143.0,144.0,19.0,79.0,66.0,218.0,191.0,23.0,222.0,47.0,282.0,179.0,50.0,277.0,127.0,70.0,181.0,97.0,135.0,84.0,367.0,101.0,65.0,176.0,125.0,72.0,52.0,116.0,315.0,104.0,189.0,41.0,89.0,127.0,159.0,104.0,218.0,158.0,202.0,145.0,185.0,63.0,199.0,274.0,239.0,67.0,219.0,105.0,238.0,356.0,146.0,48.0,114.0,113.0,81.0,87.0,126.0,144.0,198.0,204.0,97.0,120.0,39.0,42.0,110.0,166.0,62.0,243.0,138.0,255.0,356.0,356.0,43.0,193.0,106.0,46.0,32.0,184.0,105.0,58.0,117.0,262.0,68.0,231.0,137.0,281.0,142.0,27.0,292.0,43.0,109.0,52.0,79.0,316.0,237.0,85.0,224.0,136.0,49.0,49.0,183.0,105.0,179.0,125.0,204.0,121.0,129.0,61.0,203.0,112.0,165.0,290.0,127.0,64.0,144.0,124.0,78.0,146.0,124.0,173.0,46.0,139.0,167.0,269.0,51.0,435.0,83.0,46.0,128.0,352.0,87.0,27.0,220.0,175.0,109.0,68.0,223.0,194.0,143.0,217.0,197.0,1140.0
G_11,135.0,179.0,236.0,357.0,135.0,106.0,118.0,85.0,199.0,154.0,117.0,0.0,220.0,178.0,178.0,70.0,52.0,162.0,295.0,50.0,100.0,242.0,165.0,217.0,174.0,66.0,162.0,142.0,200.0,46.0,181.0,222.0,40.0,255.0,74.0,139.0,78.0,120.0,175.0,236.0,60.0,181.0,103.0,258.0,217.0,40.0,252.0,62.0,316.0,166.0,220.0,237.0,183.0,238.0,63.0,294.0,223.0,65.0,202.0,66.0,45.0,47.0,113.0,57.0,159.0,131.0,90.0,116.0,316.0,135.0,188.0,84.0,108.0,373.0,223.0,165.0,85.0,42.0,48.0,68.0,273.0,48.0,164.0,80.0,24.0,167.0,143.0,31.0,218.0,44.0,284.0,96.0,175.0,32.0,254.0,200.0,314.0,62.0,109.0,236.0,276.0,85.0,98.0,183.0,141.0,161.0,315.0,192.0,146.0,257.0,236.0,141.0,217.0,205.0,62.0,59.0,27.0,53.0,96.0,103.0,49.0,22.0,96.0,98.0,205.0,74.0,159.0,143.0,233.0,350.0,452.0,257.0,133.0,283.0,43.0,101.0,126.0,277.0,47.0,77.0,213.0,355.0,87.0,132.0,234.0,374.0,48.0,122.0,196.0,136.0,46.0,141.0,64.0,223.0,136.0,63.0,318.0,43.0,107.0,140.0,271.0,190.0,271.0,25.0,106.0,216.0,222.0,74.0,109.0,56.0,70.0,196.0,220.0,82.0,236.0,215.0,175.0,237.0,211.0,77.0,100.0,43.0,259.0,170.0,107.0,532.0,60.0,143.0,30.0,250.0,68.0,122.0,316.0,81.0,56.0,86.0,124.0,100.0,238.0,126.0,291.0,1040.0
G_12,93.0,369.0,426.0,156.0,125.0,145.0,127.0,157.0,41.0,78.0,122.0,220.0,0.0,62.0,369.0,180.0,200.0,83.0,96.0,234.0,147.0,39.0,81.0,19.0,59.0,256.0,353.0,106.0,390.0,244.0,61.0,28.0,196.0,61.0,258.0,330.0,280.0,310.0,63.0,36.0,248.0,62.0,293.0,60.0,20.0,234.0,54.0,178.0,120.0,81.0,22.0,431.0,64.0,41.0,264.0,93.0,24.0,173.0,38.0,183.0,237.0,236.0,115.0,178.0,79.0,312.0,275.0,115.0,114.0,99.0,378.0,272.0,133.0,172.0,20.0,84.0,269.0,197.0,242.0,174.0,470.0,196.0,75.0,278.0,217.0,76.0,99.0,214.0,418.0,195.0,78.0,135.0,59.0,219.0,56.0,44.0,111.0,249.0,288.0,36.0,80.0,162.0,298.0,369.0,331.0,82.0,116.0,43.0,328.0,451.0,35.0,104.0,30.0,40.0,173.0,179.0,216.0,234.0,300.0,290.0,195.0,219.0,137.0,136.0,40.0,262.0,104.0,333.0,40.0,154.0,248.0,454.0,100.0,83.0,191.0,136.0,114.0,82.0,193.0,149.0,12.0,157.0,163.0,330.0,41.0,173.0,235.0,125.0,393.0,100.0,198.0,103.0,178.0,413.0,333.0,176.0,113.0,237.0,139.0,96.0,79.0,41.0,73.0,213.0,294.0,22.0,23.0,157.0,295.0,197.0,260.0,389.0,18.0,159.0,40.0,23.0,60.0,38.0,23.0,275.0,142.0,234.0,60.0,358.0,137.0,331.0,171.0,102.0,215.0,444.0,172.0,118.0,114.0,273.0,203.0,156.0,321.0,296.0,33.0,318.0,97.0,1240.0
G_13,55.0,333.0,394.0,194.0,87.0,104.0,83.0,113.0,39.0,40.0,84.0,178.0,62.0,0.0,335.0,144.0,158.0,42.0,134.0,195.0,100.0,81.0,45.0,55.0,25.0,217.0,312.0,65.0,354.0,202.0,16.0,63.0,154.0,93.0,219.0,295.0,235.0,271.0,24.0,75.0,214.0,25.0,254.0,97.0,62.0,196.0,95.0,139.0,159.0,43.0,54.0,394.0,25.0,86.0,221.0,135.0,59.0,136.0,40.0,138.0,200.0,192.0,72.0,141.0,39.0,275.0,234.0,80.0,155.0,58.0,337.0,234.0,100.0,214.0,61.0,48.0,235.0,160.0,203.0,138.0,430.0,157.0,36.0,244.0,181.0,41.0,65.0,180.0,374.0,157.0,120.0,96.0,19.0,176.0,95.0,38.0,157.0,209.0,253.0,81.0,115.0,119.0,259.0,330.0,294.0,41.0,155.0,40.0,292.0,412.0,81.0,61.0,67.0,48.0,134.0,138.0,176.0,199.0,255.0,258.0,157.0,178.0,94.0,100.0,44.0,221.0,67.0,291.0,75.0,193.0,292.0,410.0,62.0,121.0,156.0,98.0,78.0,116.0,156.0,114.0,57.0,193.0,120.0,295.0,75.0,215.0,200.0,81.0,353.0,58.0,159.0,69.0,137.0,376.0,292.0,138.0,153.0,194.0,104.0,57.0,121.0,42.0,109.0,172.0,260.0,59.0,66.0,119.0,257.0,154.0,217.0,356.0,58.0,117.0,79.0,69.0,21.0,78.0,60.0,231.0,96.0,193.0,97.0,320.0,100.0,372.0,137.0,63.0,175.0,412.0,134.0,78.0,156.0,237.0,160.0,119.0,281.0,257.0,78.0,276.0,136.0,1200.0
G_14,286.0,20.0,76.0,507.0,273.0,257.0,273.0,229.0,355.0,310.0,271.0,178.0,369.0,335.0,0.0,214.0,199.0,311.0,448.0,153.0,254.0,390.0,309.0,371.0,332.0,135.0,37.0,293.0,34.0,160.0,329.0,374.0,193.0,410.0,134.0,55.0,120.0,74.0,333.0,388.0,133.0,331.0,96.0,408.0,366.0,150.0,406.0,209.0,471.0,313.0,376.0,87.0,330.0,392.0,136.0,449.0,376.0,213.0,352.0,210.0,149.0,156.0,270.0,216.0,309.0,77.0,120.0,265.0,469.0,291.0,22.0,118.0,252.0,523.0,366.0,313.0,118.0,190.0,156.0,212.0,111.0,187.0,311.0,118.0,174.0,314.0,292.0,171.0,59.0,192.0,431.0,248.0,329.0,178.0,411.0,350.0,464.0,134.0,95.0,390.0,427.0,228.0,96.0,16.0,57.0,309.0,469.0,348.0,56.0,99.0,391.0,289.0,369.0,351.0,206.0,215.0,174.0,151.0,98.0,104.0,196.0,176.0,249.0,249.0,349.0,134.0,298.0,55.0,391.0,503.0,606.0,97.0,288.0,433.0,192.0,250.0,275.0,432.0,190.0,225.0,369.0,510.0,230.0,60.0,388.0,527.0,159.0,273.0,34.0,287.0,194.0,290.0,209.0,56.0,62.0,206.0,471.0,155.0,255.0,291.0,431.0,352.0,430.0,171.0,98.0,366.0,368.0,232.0,103.0,195.0,138.0,34.0,369.0,231.0,389.0,366.0,328.0,388.0,370.0,109.0,248.0,151.0,408.0,50.0,253.0,684.0,216.0,291.0,172.0,93.0,211.0,269.0,471.0,114.0,200.0,234.0,78.0,91.0,388.0,75.0,447.0,880.0
G_15,92.0,209.0,268.0,312.0,78.0,58.0,77.0,40.0,155.0,122.0,92.0,70.0,180.0,144.0,214.0,0.0,31.0,125.0,249.0,71.0,64.0,198.0,120.0,174.0,139.0,97.0,189.0,105.0,227.0,76.0,132.0,182.0,42.0,216.0,93.0,175.0,124.0,157.0,142.0,197.0,106.0,140.0,138.0,212.0,174.0,80.0,214.0,21.0,277.0,120.0,174.0,269.0,131.0,199.0,98.0,256.0,176.0,22.0,159.0,29.0,77.0,74.0,81.0,30.0,114.0,152.0,110.0,82.0,271.0,99.0,216.0,116.0,59.0,331.0,173.0,121.0,116.0,41.0,82.0,21.0,302.0,44.0,120.0,123.0,61.0,116.0,97.0,57.0,252.0,39.0,231.0,65.0,138.0,62.0,217.0,156.0,277.0,96.0,136.0,197.0,226.0,43.0,139.0,214.0,171.0,115.0,270.0,156.0,172.0,288.0,196.0,96.0,183.0,160.0,22.0,16.0,64.0,75.0,144.0,132.0,46.0,63.0,61.0,62.0,155.0,96.0,100.0,168.0,198.0,315.0,413.0,290.0,105.0,237.0,42.0,61.0,79.0,237.0,39.0,45.0,178.0,310.0,40.0,180.0,200.0,328.0,84.0,81.0,225.0,100.0,38.0,102.0,20.0,248.0,181.0,24.0,273.0,89.0,58.0,97.0,234.0,156.0,233.0,55.0,141.0,174.0,176.0,42.0,135.0,40.0,94.0,234.0,172.0,37.0,192.0,181.0,138.0,190.0,175.0,122.0,59.0,77.0,208.0,192.0,59.0,488.0,29.0,100.0,54.0,295.0,19.0,81.0,273.0,119.0,35.0,40.0,158.0,132.0,194.0,150.0,258.0,1080.0
G_16,114.0,189.0,250.0,333.0,101.0,78.0,99.0,58.0,173.0,142.0,111.0,52.0,200.0,158.0,199.0,31.0,0.0,143.0,269.0,56.0,80.0,216.0,143.0,193.0,161.0,80.0,172.0,124.0,210.0,57.0,152.0,200.0,22.0,237.0,77.0,161.0,105.0,141.0,161.0,212.0,89.0,161.0,118.0,230.0,196.0,62.0,231.0,43.0,297.0,140.0,190.0,250.0,150.0,217.0,79.0,275.0,197.0,44.0,180.0,45.0,62.0,55.0,102.0,51.0,139.0,135.0,93.0,101.0,288.0,119.0,195.0,97.0,81.0,353.0,193.0,135.0,102.0,26.0,69.0,41.0,288.0,27.0,135.0,107.0,41.0,132.0,121.0,42.0,235.0,19.0,251.0,87.0,154.0,42.0,236.0,173.0,297.0,79.0,117.0,217.0,249.0,62.0,126.0,198.0,155.0,136.0,292.0,178.0,153.0,272.0,218.0,115.0,203.0,178.0,41.0,36.0,45.0,56.0,125.0,113.0,26.0,44.0,79.0,81.0,176.0,83.0,119.0,154.0,214.0,332.0,432.0,270.0,125.0,258.0,25.0,83.0,96.0,255.0,17.0,65.0,198.0,331.0,57.0,164.0,219.0,352.0,65.0,97.0,208.0,121.0,21.0,126.0,41.0,232.0,157.0,48.0,294.0,71.0,80.0,116.0,256.0,179.0,255.0,39.0,122.0,195.0,200.0,59.0,116.0,18.0,77.0,218.0,196.0,61.0,212.0,203.0,153.0,215.0,196.0,104.0,79.0,56.0,231.0,172.0,79.0,510.0,48.0,118.0,36.0,277.0,39.0,101.0,297.0,103.0,13.0,63.0,140.0,115.0,214.0,135.0,276.0,1060.0
G_17,36.0,313.0,370.0,216.0,59.0,84.0,63.0,97.0,58.0,22.0,67.0,162.0,83.0,42.0,311.0,125.0,143.0,0.0,154.0,177.0,81.0,95.0,12.0,80.0,41.0,197.0,292.0,41.0,330.0,180.0,36.0,78.0,138.0,119.0,193.0,276.0,219.0,253.0,37.0,103.0,194.0,39.0,237.0,116.0,76.0,175.0,116.0,118.0,179.0,17.0,80.0,376.0,44.0,100.0,199.0,158.0,83.0,115.0,61.0,112.0,174.0,177.0,56.0,121.0,20.0,255.0,223.0,58.0,176.0,40.0,311.0,218.0,79.0,233.0,79.0,19.0,216.0,136.0,175.0,117.0,412.0,139.0,22.0,219.0,153.0,21.0,36.0,160.0,357.0,136.0,138.0,76.0,39.0,160.0,122.0,56.0,177.0,195.0,236.0,101.0,136.0,98.0,237.0,309.0,275.0,16.0,177.0,58.0,273.0,391.0,100.0,42.0,84.0,59.0,114.0,119.0,154.0,179.0,237.0,241.0,138.0,155.0,75.0,75.0,56.0,193.0,47.0,269.0,102.0,214.0,314.0,391.0,38.0,141.0,135.0,76.0,63.0,134.0,139.0,96.0,83.0,216.0,100.0,279.0,92.0,235.0,181.0,58.0,334.0,34.0,139.0,44.0,112.0,346.0,277.0,117.0,176.0,170.0,87.0,39.0,138.0,61.0,133.0,155.0,242.0,79.0,76.0,98.0,236.0,143.0,197.0,329.0,75.0,97.0,97.0,78.0,36.0,97.0,82.0,209.0,72.0,176.0,117.0,294.0,81.0,390.0,117.0,44.0,158.0,390.0,116.0,62.0,173.0,211.0,142.0,95.0,258.0,236.0,97.0,256.0,158.0,1180.0
G_18,165.0,443.0,504.0,74.0,195.0,213.0,195.0,232.0,112.0,151.0,197.0,295.0,96.0,134.0,448.0,249.0,269.0,154.0,0.0,305.0,211.0,75.0,157.0,94.0,135.0,329.0,427.0,177.0,464.0,311.0,132.0,99.0,270.0,55.0,326.0,411.0,354.0,386.0,134.0,73.0,327.0,134.0,364.0,55.0,92.0,308.0,55.0,249.0,38.0,153.0,94.0,507.0,130.0,75.0,329.0,20.0,92.0,253.0,113.0,251.0,306.0,306.0,187.0,253.0,154.0,389.0,349.0,193.0,30.0,169.0,447.0,347.0,213.0,95.0,95.0,157.0,349.0,271.0,310.0,245.0,543.0,273.0,149.0,356.0,291.0,150.0,171.0,293.0,488.0,270.0,32.0,211.0,138.0,293.0,54.0,113.0,41.0,323.0,366.0,75.0,36.0,228.0,370.0,447.0,404.0,151.0,33.0,113.0,404.0,527.0,79.0,172.0,99.0,118.0,246.0,248.0,293.0,306.0,374.0,370.0,265.0,290.0,211.0,211.0,112.0,332.0,177.0,404.0,76.0,75.0,173.0,525.0,171.0,39.0,269.0,210.0,190.0,38.0,273.0,229.0,94.0,72.0,238.0,411.0,72.0,95.0,311.0,191.0,463.0,170.0,270.0,179.0,249.0,485.0,410.0,251.0,36.0,310.0,212.0,169.0,37.0,113.0,34.0,287.0,377.0,93.0,97.0,233.0,369.0,275.0,329.0,466.0,94.0,229.0,75.0,98.0,132.0,75.0,94.0,344.0,212.0,302.0,52.0,427.0,207.0,250.0,251.0,175.0,289.0,526.0,248.0,194.0,36.0,349.0,270.0,229.0,393.0,367.0,73.0,386.0,17.0,1320.0
G_19,147.0,149.0,212.0,367.0,132.0,117.0,135.0,92.0,213.0,176.0,144.0,50.0,234.0,195.0,153.0,71.0,56.0,177.0,305.0,0.0,114.0,252.0,176.0,230.0,195.0,37.0,128.0,159.0,167.0,19.0,187.0,237.0,57.0,268.0,32.0,113.0,66.0,93.0,195.0,252.0,43.0,197.0,76.0,273.0,232.0,19.0,270.0,74.0,330.0,170.0,231.0,214.0,189.0,257.0,45.0,310.0,230.0,77.0,211.0,78.0,18.0,11.0,131.0,82.0,171.0,94.0,54.0,138.0,329.0,153.0,152.0,53.0,111.0,387.0,230.0,174.0,57.0,55.0,20.0,74.0,247.0,58.0,173.0,68.0,40.0,175.0,152.0,32.0,195.0,56.0,289.0,119.0,195.0,34.0,272.0,213.0,331.0,34.0,73.0,253.0,289.0,96.0,79.0,151.0,113.0,169.0,325.0,213.0,110.0,232.0,252.0,154.0,237.0,213.0,72.0,73.0,44.0,14.0,82.0,76.0,62.0,39.0,117.0,114.0,210.0,37.0,156.0,110.0,251.0,369.0,468.0,234.0,157.0,295.0,59.0,118.0,136.0,292.0,58.0,99.0,233.0,363.0,98.0,121.0,253.0,386.0,24.0,136.0,168.0,155.0,54.0,159.0,70.0,187.0,118.0,78.0,325.0,27.0,115.0,152.0,291.0,212.0,285.0,34.0,82.0,229.0,232.0,96.0,76.0,55.0,35.0,173.0,232.0,92.0,251.0,238.0,192.0,249.0,236.0,58.0,114.0,15.0,267.0,134.0,112.0,546.0,82.0,156.0,36.0,234.0,69.0,135.0,329.0,59.0,57.0,93.0,97.0,74.0,251.0,92.0,313.0,1020.0
G_20,57.0,256.0,317.0,275.0,44.0,21.0,39.0,40.0,117.0,78.0,43.0,100.0,147.0,100.0,254.0,64.0,80.0,81.0,211.0,114.0,0.0,157.0,85.0,139.0,102.0,137.0,232.0,65.0,273.0,121.0,95.0,141.0,73.0,175.0,140.0,217.0,156.0,195.0,100.0,156.0,140.0,104.0,173.0,180.0,137.0,112.0,178.0,58.0,238.0,83.0,134.0,318.0,95.0,156.0,135.0,220.0,139.0,64.0,122.0,58.0,110.0,119.0,37.0,58.0,78.0,196.0,161.0,41.0,235.0,53.0,254.0,160.0,27.0,294.0,134.0,80.0,160.0,78.0,114.0,63.0,349.0,80.0,82.0,160.0,97.0,80.0,62.0,95.0,290.0,81.0,194.0,23.0,99.0,96.0,181.0,119.0,241.0,135.0,177.0,157.0,196.0,35.0,178.0,253.0,213.0,79.0,233.0,116.0,215.0,336.0,160.0,57.0,141.0,120.0,54.0,55.0,104.0,116.0,175.0,181.0,81.0,98.0,21.0,17.0,120.0,143.0,70.0,216.0,156.0,274.0,378.0,333.0,61.0,199.0,80.0,22.0,43.0,196.0,85.0,41.0,142.0,272.0,42.0,214.0,158.0,294.0,122.0,34.0,272.0,61.0,78.0,64.0,56.0,293.0,213.0,61.0,235.0,119.0,24.0,58.0,196.0,118.0,198.0,98.0,184.0,136.0,143.0,45.0,176.0,86.0,139.0,273.0,140.0,36.0,158.0,139.0,95.0,161.0,136.0,152.0,23.0,114.0,175.0,239.0,25.0,453.0,65.0,61.0,100.0,331.0,60.0,41.0,239.0,155.0,80.0,44.0,198.0,171.0,157.0,193.0,216.0,1120.0
G_21,113.0,389.0,446.0,138.0,143.0,161.0,139.0,173.0,63.0,104.0,149.0,242.0,39.0,81.0,390.0,198.0,216.0,95.0,75.0,252.0,157.0,0.0,97.0,34.0,78.0,277.0,367.0,118.0,410.0,256.0,76.0,46.0,216.0,44.0,276.0,353.0,295.0,329.0,85.0,19.0,271.0,85.0,313.0,37.0,39.0,253.0,42.0,197.0,96.0,96.0,39.0,453.0,78.0,26.0,274.0,78.0,38.0,196.0,57.0,194.0,251.0,254.0,136.0,200.0,100.0,336.0,292.0,140.0,96.0,115.0,387.0,292.0,157.0,152.0,39.0,95.0,291.0,217.0,253.0,196.0,489.0,215.0,97.0,300.0,235.0,94.0,117.0,236.0,433.0,213.0,57.0,156.0,77.0,232.0,41.0,60.0,97.0,269.0,313.0,17.0,56.0,172.0,313.0,391.0,349.0,97.0,96.0,60.0,350.0,470.0,21.0,118.0,50.0,54.0,189.0,193.0,238.0,251.0,317.0,311.0,216.0,236.0,157.0,159.0,48.0,275.0,123.0,350.0,24.0,137.0,231.0,468.0,123.0,57.0,207.0,154.0,134.0,57.0,216.0,175.0,43.0,137.0,178.0,354.0,20.0,156.0,253.0,133.0,407.0,120.0,211.0,121.0,193.0,426.0,350.0,195.0,92.0,255.0,159.0,113.0,59.0,64.0,59.0,231.0,313.0,42.0,41.0,176.0,312.0,218.0,273.0,405.0,35.0,177.0,22.0,43.0,76.0,24.0,43.0,292.0,158.0,249.0,37.0,372.0,154.0,311.0,196.0,122.0,232.0,467.0,191.0,137.0,96.0,290.0,214.0,174.0,335.0,313.0,20.0,333.0,71.0,1260.0
G_22,36.0,310.0,370.0,218.0,57.0,82.0,63.0,94.0,57.0,23.0,70.0,165.0,81.0,45.0,309.0,120.0,143.0,12.0,157.0,176.0,85.0,97.0,0.0,81.0,42.0,199.0,289.0,41.0,331.0,178.0,39.0,82.0,139.0,121.0,194.0,274.0,218.0,255.0,40.0,104.0,198.0,39.0,238.0,117.0,74.0,177.0,119.0,115.0,179.0,19.0,83.0,377.0,42.0,99.0,200.0,161.0,85.0,111.0,60.0,121.0,176.0,177.0,59.0,126.0,20.0,257.0,219.0,61.0,178.0,42.0,315.0,217.0,77.0,232.0,78.0,22.0,214.0,133.0,178.0,119.0,409.0,136.0,26.0,222.0,158.0,22.0,35.0,158.0,356.0,139.0,138.0,77.0,37.0,163.0,123.0,52.0,177.0,195.0,235.0,102.0,134.0,97.0,234.0,306.0,273.0,17.0,177.0,54.0,272.0,389.0,99.0,37.0,86.0,63.0,115.0,120.0,158.0,177.0,243.0,240.0,141.0,160.0,81.0,83.0,56.0,187.0,47.0,267.0,101.0,214.0,316.0,392.0,42.0,138.0,134.0,77.0,63.0,136.0,137.0,98.0,82.0,219.0,97.0,277.0,96.0,234.0,180.0,59.0,332.0,37.0,138.0,43.0,117.0,344.0,279.0,114.0,178.0,177.0,82.0,35.0,141.0,63.0,135.0,153.0,242.0,80.0,80.0,100.0,237.0,138.0,200.0,327.0,72.0,97.0,98.0,81.0,38.0,96.0,79.0,213.0,77.0,174.0,114.0,294.0,79.0,391.0,117.0,43.0,155.0,392.0,113.0,58.0,176.0,215.0,139.0,95.0,256.0,234.0,97.0,251.0,156.0,1180.0
G_23,89.0,367.0,425.0,152.0,123.0,137.0,119.0,149.0,36.0,80.0,128.0,217.0,19.0,55.0,371.0,174.0,193.0,80.0,94.0,230.0,139.0,34.0,81.0,0.0,58.0,253.0,345.0,98.0,387.0,234.0,56.0,26.0,190.0,56.0,254.0,329.0,273.0,307.0,59.0,30.0,251.0,62.0,290.0,56.0,20.0,229.0,55.0,174.0,117.0,76.0,16.0,429.0,55.0,46.0,257.0,94.0,21.0,171.0,32.0,174.0,234.0,227.0,114.0,179.0,77.0,311.0,267.0,115.0,110.0,92.0,372.0,269.0,130.0,172.0,17.0,77.0,268.0,194.0,236.0,173.0,467.0,190.0,73.0,276.0,211.0,75.0,97.0,213.0,412.0,188.0,74.0,133.0,56.0,211.0,52.0,37.0,115.0,246.0,287.0,41.0,73.0,155.0,291.0,369.0,326.0,75.0,113.0,35.0,327.0,448.0,37.0,97.0,29.0,41.0,168.0,171.0,214.0,231.0,292.0,288.0,194.0,213.0,133.0,138.0,36.0,259.0,101.0,328.0,36.0,155.0,253.0,446.0,100.0,79.0,190.0,130.0,111.0,79.0,192.0,150.0,19.0,151.0,157.0,331.0,38.0,173.0,233.0,114.0,385.0,96.0,191.0,99.0,174.0,409.0,331.0,173.0,113.0,235.0,134.0,91.0,77.0,38.0,72.0,206.0,291.0,16.0,22.0,151.0,288.0,196.0,252.0,388.0,16.0,152.0,35.0,25.0,52.0,33.0,21.0,272.0,134.0,227.0,54.0,352.0,128.0,334.0,172.0,97.0,211.0,447.0,168.0,115.0,114.0,271.0,195.0,152.0,312.0,294.0,33.0,312.0,95.0,1240.0
G_24,54.0,330.0,386.0,200.0,85.0,100.0,78.0,120.0,43.0,41.0,88.0,174.0,59.0,25.0,332.0,139.0,161.0,41.0,135.0,195.0,102.0,78.0,42.0,58.0,0.0,213.0,312.0,60.0,354.0,196.0,20.0,65.0,155.0,98.0,218.0,295.0,238.0,268.0,26.0,81.0,213.0,26.0,251.0,94.0,56.0,193.0,98.0,139.0,161.0,39.0,55.0,394.0,26.0,78.0,221.0,140.0,62.0,136.0,41.0,140.0,195.0,196.0,78.0,138.0,36.0,280.0,235.0,81.0,159.0,54.0,337.0,235.0,97.0,216.0,60.0,44.0,236.0,157.0,198.0,135.0,431.0,161.0,40.0,239.0,178.0,40.0,53.0,181.0,371.0,154.0,118.0,97.0,16.0,180.0,100.0,43.0,156.0,211.0,257.0,74.0,116.0,117.0,256.0,332.0,291.0,41.0,155.0,37.0,291.0,411.0,79.0,60.0,69.0,38.0,131.0,136.0,174.0,198.0,260.0,254.0,157.0,180.0,95.0,102.0,40.0,221.0,68.0,294.0,80.0,191.0,293.0,414.0,59.0,118.0,152.0,96.0,80.0,117.0,157.0,115.0,60.0,192.0,121.0,294.0,79.0,214.0,200.0,79.0,352.0,58.0,154.0,59.0,138.0,374.0,294.0,137.0,154.0,198.0,102.0,57.0,111.0,38.0,113.0,174.0,252.0,56.0,56.0,113.0,257.0,162.0,219.0,351.0,60.0,117.0,78.0,60.0,20.0,79.0,57.0,234.0,98.0,192.0,98.0,320.0,96.0,373.0,136.0,64.0,175.0,408.0,135.0,78.0,157.0,235.0,163.0,114.0,281.0,255.0,75.0,277.0,135.0,1200.0
G_25,170.0,134.0,194.0,389.0,157.0,139.0,155.0,118.0,236.0,198.0,158.0,66.0,256.0,217.0,135.0,97.0,80.0,197.0,329.0,37.0,137.0,277.0,199.0,253.0,213.0,0.0,121.0,176.0,157.0,39.0,213.0,258.0,75.0,291.0,26.0,99.0,49.0,76.0,216.0,273.0,23.0,219.0,56.0,292.0,255.0,38.0,294.0,96.0,354.0,193.0,255.0,192.0,212.0,276.0,27.0,328.0,254.0,100.0,233.0,102.0,39.0,36.0,154.0,100.0,195.0,77.0,45.0,156.0,353.0,176.0,147.0,40.0,137.0,407.0,252.0,200.0,40.0,83.0,40.0,92.0,235.0,79.0,188.0,43.0,65.0,199.0,172.0,59.0,179.0,74.0,312.0,135.0,214.0,62.0,293.0,231.0,353.0,18.0,54.0,275.0,309.0,116.0,63.0,136.0,94.0,192.0,351.0,233.0,92.0,215.0,274.0,173.0,258.0,238.0,96.0,95.0,60.0,38.0,69.0,59.0,78.0,61.0,137.0,136.0,230.0,23.0,184.0,97.0,271.0,390.0,492.0,218.0,178.0,315.0,75.0,136.0,158.0,311.0,77.0,116.0,252.0,390.0,122.0,99.0,272.0,412.0,45.0,159.0,158.0,178.0,76.0,182.0,99.0,177.0,102.0,102.0,353.0,43.0,139.0,176.0,309.0,235.0,311.0,56.0,64.0,249.0,258.0,115.0,61.0,78.0,20.0,153.0,255.0,113.0,269.0,259.0,213.0,271.0,253.0,39.0,138.0,37.0,292.0,125.0,129.0,568.0,99.0,173.0,56.0,214.0,97.0,160.0,350.0,43.0,83.0,115.0,89.0,60.0,269.0,81.0,334.0,1000.0
G_26,265.0,35.0,96.0,486.0,251.0,235.0,250.0,207.0,331.0,287.0,261.0,162.0,353.0,312.0,37.0,189.0,172.0,292.0,427.0,128.0,232.0,367.0,289.0,345.0,312.0,121.0,0.0,272.0,51.0,132.0,309.0,350.0,174.0,391.0,115.0,36.0,97.0,54.0,309.0,368.0,121.0,311.0,80.0,389.0,346.0,135.0,385.0,190.0,445.0,291.0,346.0,99.0,309.0,370.0,117.0,428.0,351.0,194.0,328.0,194.0,133.0,131.0,251.0,200.0,289.0,59.0,89.0,251.0,448.0,267.0,36.0,99.0,229.0,503.0,345.0,291.0,97.0,168.0,134.0,196.0,130.0,170.0,293.0,106.0,156.0,289.0,267.0,155.0,78.0,173.0,408.0,234.0,308.0,153.0,391.0,330.0,448.0,113.0,78.0,370.0,407.0,208.0,75.0,38.0,38.0,285.0,444.0,327.0,35.0,112.0,369.0,269.0,351.0,333.0,187.0,193.0,157.0,134.0,85.0,82.0,177.0,159.0,232.0,232.0,328.0,113.0,274.0,34.0,366.0,486.0,586.0,115.0,274.0,410.0,173.0,230.0,253.0,409.0,174.0,214.0,352.0,482.0,210.0,46.0,366.0,502.0,138.0,247.0,51.0,269.0,172.0,271.0,190.0,70.0,43.0,189.0,446.0,140.0,235.0,264.0,408.0,328.0,405.0,150.0,76.0,348.0,348.0,214.0,79.0,171.0,115.0,57.0,347.0,207.0,370.0,348.0,304.0,368.0,351.0,99.0,229.0,132.0,386.0,24.0,232.0,664.0,195.0,271.0,157.0,116.0,186.0,248.0,447.0,98.0,173.0,211.0,53.0,75.0,368.0,52.0,425.0,900.0
G_27,17.0,291.0,350.0,236.0,46.0,62.0,48.0,77.0,80.0,41.0,47.0,142.0,106.0,65.0,293.0,105.0,124.0,41.0,177.0,159.0,65.0,118.0,41.0,98.0,60.0,176.0,272.0,0.0,314.0,158.0,61.0,103.0,114.0,135.0,182.0,254.0,192.0,234.0,57.0,119.0,179.0,59.0,213.0,138.0,95.0,153.0,137.0,98.0,194.0,40.0,105.0,353.0,61.0,118.0,176.0,176.0,100.0,99.0,77.0,96.0,159.0,154.0,41.0,102.0,42.0,241.0,202.0,42.0,194.0,20.0,298.0,200.0,61.0,249.0,102.0,48.0,195.0,116.0,156.0,100.0,390.0,115.0,40.0,196.0,138.0,47.0,22.0,143.0,334.0,113.0,160.0,59.0,56.0,140.0,140.0,72.0,196.0,174.0,216.0,118.0,157.0,82.0,213.0,295.0,255.0,34.0,193.0,73.0,256.0,371.0,119.0,19.0,100.0,87.0,96.0,100.0,137.0,160.0,220.0,218.0,119.0,140.0,61.0,63.0,76.0,182.0,33.0,249.0,118.0,233.0,335.0,373.0,21.0,159.0,117.0,62.0,43.0,153.0,117.0,79.0,99.0,231.0,81.0,255.0,115.0,256.0,153.0,40.0,309.0,22.0,117.0,19.0,101.0,330.0,255.0,100.0,199.0,156.0,62.0,19.0,155.0,74.0,159.0,131.0,215.0,96.0,105.0,80.0,218.0,119.0,180.0,302.0,98.0,79.0,117.0,93.0,56.0,115.0,97.0,195.0,61.0,152.0,134.0,278.0,59.0,412.0,93.0,23.0,138.0,370.0,100.0,38.0,197.0,196.0,123.0,78.0,243.0,220.0,118.0,233.0,175.0,1160.0
G_28,304.0,35.0,53.0,528.0,289.0,273.0,291.0,249.0,370.0,329.0,295.0,200.0,390.0,354.0,34.0,227.0,210.0,330.0,464.0,167.0,273.0,410.0,331.0,387.0,354.0,157.0,51.0,314.0,0.0,175.0,348.0,390.0,213.0,429.0,146.0,72.0,142.0,94.0,348.0,410.0,156.0,349.0,115.0,426.0,384.0,171.0,424.0,229.0,488.0,331.0,392.0,56.0,348.0,409.0,152.0,466.0,393.0,233.0,371.0,231.0,171.0,168.0,290.0,237.0,329.0,91.0,135.0,286.0,486.0,310.0,36.0,136.0,267.0,545.0,389.0,330.0,139.0,207.0,175.0,231.0,88.0,210.0,328.0,137.0,190.0,330.0,311.0,189.0,42.0,210.0,446.0,275.0,352.0,193.0,431.0,370.0,485.0,153.0,116.0,412.0,446.0,252.0,117.0,40.0,76.0,327.0,486.0,369.0,73.0,76.0,411.0,311.0,389.0,369.0,229.0,227.0,194.0,170.0,118.0,118.0,212.0,190.0,268.0,264.0,368.0,155.0,312.0,71.0,410.0,526.0,626.0,75.0,311.0,450.0,213.0,272.0,292.0,451.0,211.0,250.0,389.0,526.0,250.0,82.0,406.0,546.0,176.0,292.0,14.0,307.0,211.0,309.0,226.0,32.0,83.0,231.0,488.0,176.0,275.0,308.0,449.0,370.0,447.0,190.0,119.0,389.0,386.0,251.0,114.0,213.0,155.0,18.0,387.0,251.0,408.0,387.0,348.0,407.0,392.0,135.0,266.0,170.0,427.0,57.0,271.0,704.0,235.0,309.0,193.0,77.0,230.0,289.0,488.0,133.0,214.0,253.0,94.0,110.0,407.0,92.0,468.0,860.0
G_29,153.0,150.0,211.0,371.0,137.0,115.0,134.0,102.0,212.0,180.0,150.0,46.0,244.0,202.0,160.0,76.0,57.0,180.0,311.0,19.0,121.0,256.0,178.0,234.0,196.0,39.0,132.0,158.0,175.0,0.0,197.0,235.0,62.0,278.0,46.0,123.0,66.0,99.0,196.0,259.0,51.0,200.0,80.0,271.0,232.0,23.0,277.0,82.0,331.0,179.0,233.0,209.0,193.0,257.0,39.0,315.0,235.0,84.0,215.0,85.0,23.0,13.0,141.0,86.0,180.0,100.0,58.0,140.0,330.0,160.0,158.0,60.0,120.0,390.0,234.0,179.0,63.0,64.0,28.0,83.0,254.0,66.0,179.0,67.0,46.0,179.0,152.0,48.0,195.0,57.0,290.0,120.0,197.0,45.0,279.0,212.0,337.0,39.0,78.0,259.0,289.0,96.0,83.0,161.0,117.0,175.0,331.0,210.0,117.0,232.0,257.0,150.0,243.0,218.0,81.0,78.0,44.0,21.0,89.0,77.0,69.0,47.0,122.0,123.0,213.0,40.0,160.0,114.0,257.0,370.0,475.0,235.0,163.0,292.0,62.0,115.0,142.0,290.0,60.0,103.0,239.0,367.0,98.0,128.0,256.0,388.0,26.0,137.0,176.0,160.0,57.0,161.0,85.0,194.0,122.0,85.0,334.0,32.0,121.0,156.0,292.0,215.0,291.0,36.0,83.0,231.0,236.0,99.0,78.0,60.0,36.0,176.0,233.0,96.0,252.0,238.0,196.0,254.0,232.0,65.0,119.0,18.0,268.0,138.0,117.0,549.0,85.0,158.0,41.0,237.0,83.0,138.0,334.0,65.0,59.0,104.0,99.0,78.0,253.0,96.0,314.0,1020.0
G_30,48.0,329.0,391.0,193.0,81.0,97.0,72.0,109.0,37.0,37.0,83.0,181.0,61.0,16.0,329.0,132.0,152.0,36.0,132.0,187.0,95.0,76.0,39.0,56.0,20.0,213.0,309.0,61.0,348.0,197.0,0.0,62.0,150.0,91.0,212.0,291.0,233.0,266.0,21.0,77.0,210.0,25.0,249.0,94.0,56.0,189.0,94.0,132.0,158.0,36.0,54.0,392.0,18.0,82.0,215.0,136.0,56.0,132.0,42.0,131.0,191.0,191.0,72.0,136.0,34.0,273.0,231.0,77.0,155.0,55.0,331.0,231.0,99.0,209.0,55.0,40.0,231.0,153.0,192.0,132.0,427.0,155.0,35.0,240.0,173.0,37.0,57.0,174.0,366.0,150.0,116.0,96.0,20.0,172.0,94.0,36.0,155.0,208.0,253.0,78.0,110.0,114.0,255.0,325.0,289.0,34.0,149.0,37.0,286.0,408.0,78.0,55.0,63.0,41.0,130.0,132.0,173.0,190.0,255.0,251.0,154.0,175.0,90.0,93.0,34.0,214.0,63.0,287.0,77.0,193.0,294.0,407.0,60.0,120.0,152.0,94.0,76.0,113.0,152.0,112.0,60.0,190.0,116.0,292.0,77.0,212.0,195.0,75.0,348.0,56.0,151.0,63.0,128.0,367.0,287.0,131.0,152.0,196.0,96.0,54.0,115.0,40.0,113.0,167.0,257.0,55.0,59.0,115.0,252.0,152.0,209.0,349.0,55.0,112.0,74.0,64.0,17.0,73.0,58.0,229.0,91.0,190.0,93.0,309.0,96.0,368.0,137.0,57.0,169.0,408.0,132.0,73.0,153.0,230.0,150.0,112.0,277.0,249.0,75.0,271.0,138.0,1200.0
G_31,96.0,373.0,429.0,154.0,120.0,141.0,121.0,159.0,37.0,80.0,125.0,222.0,28.0,63.0,374.0,182.0,200.0,78.0,99.0,237.0,141.0,46.0,82.0,26.0,65.0,258.0,350.0,103.0,390.0,235.0,62.0,0.0,194.0,67.0,257.0,335.0,277.0,313.0,56.0,46.0,253.0,57.0,297.0,56.0,21.0,237.0,61.0,179.0,113.0,86.0,22.0,432.0,67.0,41.0,254.0,102.0,22.0,178.0,42.0,180.0,237.0,230.0,119.0,180.0,81.0,314.0,280.0,116.0,118.0,102.0,372.0,273.0,139.0,175.0,25.0,76.0,275.0,194.0,240.0,178.0,470.0,200.0,82.0,276.0,213.0,85.0,98.0,218.0,413.0,196.0,77.0,138.0,66.0,218.0,67.0,41.0,124.0,251.0,294.0,46.0,80.0,155.0,297.0,373.0,335.0,78.0,119.0,40.0,335.0,453.0,39.0,103.0,31.0,40.0,179.0,181.0,218.0,241.0,295.0,300.0,200.0,215.0,134.0,136.0,41.0,254.0,103.0,331.0,48.0,156.0,259.0,445.0,97.0,80.0,199.0,136.0,120.0,79.0,200.0,156.0,22.0,154.0,163.0,336.0,39.0,171.0,234.0,118.0,391.0,94.0,200.0,99.0,176.0,409.0,337.0,179.0,119.0,231.0,147.0,98.0,82.0,40.0,80.0,216.0,296.0,22.0,25.0,159.0,299.0,201.0,254.0,392.0,21.0,154.0,42.0,22.0,60.0,44.0,25.0,273.0,139.0,235.0,61.0,358.0,140.0,335.0,177.0,98.0,224.0,450.0,179.0,118.0,120.0,274.0,200.0,160.0,313.0,291.0,41.0,316.0,99.0,1240.0
G_32,108.0,190.0,251.0,328.0,102.0,74.0,94.0,52.0,172.0,127.0,98.0,40.0,196.0,154.0,193.0,42.0,22.0,138.0,270.0,57.0,73.0,216.0,139.0,190.0,155.0,75.0,174.0,114.0,213.0,62.0,150.0,194.0,0.0,225.0,80.0,148.0,95.0,131.0,152.0,205.0,73.0,155.0,111.0,231.0,192.0,52.0,226.0,32.0,292.0,138.0,196.0,254.0,153.0,213.0,77.0,271.0,195.0,36.0,171.0,37.0,56.0,55.0,93.0,34.0,131.0,133.0,103.0,92.0,289.0,112.0,200.0,96.0,79.0,348.0,195.0,137.0,97.0,18.0,57.0,39.0,288.0,20.0,133.0,95.0,37.0,135.0,117.0,39.0,228.0,15.0,253.0,72.0,154.0,37.0,226.0,173.0,294.0,72.0,116.0,207.0,251.0,56.0,116.0,190.0,150.0,132.0,290.0,170.0,154.0,271.0,211.0,113.0,193.0,177.0,36.0,37.0,40.0,61.0,118.0,117.0,20.0,36.0,73.0,73.0,177.0,83.0,124.0,151.0,207.0,330.0,429.0,271.0,112.0,254.0,19.0,72.0,94.0,249.0,23.0,55.0,190.0,329.0,59.0,151.0,211.0,350.0,57.0,93.0,210.0,114.0,19.0,115.0,34.0,232.0,149.0,35.0,293.0,57.0,76.0,113.0,251.0,169.0,251.0,34.0,120.0,187.0,199.0,56.0,116.0,24.0,78.0,209.0,192.0,50.0,208.0,192.0,147.0,209.0,191.0,94.0,77.0,54.0,230.0,182.0,77.0,508.0,35.0,114.0,41.0,267.0,40.0,92.0,292.0,96.0,21.0,57.0,141.0,114.0,210.0,131.0,271.0,1060.0
