,G_base,G_1,G_2,G_3,G_4,G_5,G_6,G_7,G_8,G_9,G_10,G_11,G_12,G_13,G_14,G_15,G_16,G_17,G_18,G_19,G_20,G_21,G_22,G_23,G_24,G_25,G_26,G_27,G_28,G_29,G_30,G_31,G_32,G_33,G_34,G_35,G_36,G_37,G_38,G_39,G_40,G_41,G_42
G_base,0.0,279.0,213.0,150.0,213.0,256.0,261.0,260.0,20.0,85.0,183.0,283.0,214.0,194.0,173.0,268.0,221.0,299.0,245.0,343.0,287.0,312.0,172.0,222.0,226.0,267.0,198.0,244.0,237.0,230.0,282.0,224.0,180.0,221.0,190.0,221.0,246.0,182.0,213.0,165.0,221.0,282.0,1103.0
G_1,279.0,0.0,218.0,233.0,203.0,174.0,258.0,343.0,260.0,318.0,205.0,368.0,354.0,234.0,248.0,213.0,202.0,291.0,225.0,294.0,329.0,328.0,312.0,251.0,258.0,185.0,286.0,399.0,225.0,322.0,331.0,346.0,299.0,266.0,257.0,235.0,275.0,230.0,249.0,227.0,223.0,292.0,1224.0
G_2,213.0,218.0,0.0,139.0,221.0,209.0,176.0,267.0,204.0,229.0,192.0,330.0,275.0,173.0,211.0,224.0,230.0,299.0,162.0,313.0,238.0,325.0,213.0,208.0,206.0,211.0,211.0,323.0,223.0,265.0,261.0,240.0,216.0,197.0,193.0,174.0,226.0,178.0,193.0,175.0,175.0,283.0,1117.0
G_3,150.0,233.0,139.0,0.0,176.0,205.0,164.0,290.0,147.0,171.0,155.0,298.0,252.0,104.0,183.0,214.0,182.0,277.0,171.0,297.0,253.0,294.0,200.0,207.0,180.0,205.0,219.0,300.0,204.0,254.0,221.0,235.0,146.0,169.0,92.0,150.0,204.0,106.0,170.0,130.0,158.0,285.0,1063.0
G_4,213.0,203.0,221.0,176.0,0.0,124.0,249.0,363.0,199.0,264.0,138.0,269.0,329.0,162.0,249.0,170.0,116.0,286.0,221.0,274.0,312.0,309.0,286.0,242.0,260.0,118.0,249.0,384.0,181.0,319.0,334.0,310.0,213.0,252.0,184.0,240.0,256.0,178.0,241.0,190.0,182.0,322.0,1214.0
G_5,256.0,174.0,209.0,205.0,124.0,0.0,249.0,327.0,237.0,299.0,160.0,329.0,344.0,199.0,240.0,181.0,158.0,245.0,206.0,269.0,287.0,266.0,273.0,232.0,231.0,136.0,254.0,384.0,202.0,285.0,290.0,301.0,253.0,253.0,237.0,208.0,262.0,212.0,237.0,221.0,165.0,280.0,1165.0
G_6,261.0,258.0,176.0,164.0,249.0,249.0,0.0,346.0,258.0,293.0,236.0,348.0,281.0,218.0,273.0,259.0,257.0,330.0,186.0,339.0,292.0,379.0,262.0,270.0,262.0,220.0,260.0,379.0,261.0,320.0,313.0,312.0,161.0,261.0,205.0,223.0,250.0,195.0,257.0,226.0,254.0,343.0,1124.0
G_7,260.0,343.0,267.0,290.0,363.0,327.0,346.0,0.0,258.0,212.0,305.0,435.0,303.0,319.0,322.0,381.0,369.0,369.0,310.0,424.0,319.0,262.0,289.0,338.0,325.0,363.0,291.0,272.0,380.0,312.0,253.0,345.0,300.0,371.0,346.0,271.0,359.0,332.0,315.0,308.0,286.0,250.0,1099.0
G_8,20.0,260.0,204.0,147.0,199.0,237.0,258.0,258.0,0.0,85.0,177.0,283.0,227.0,194.0,165.0,252.0,207.0,291.0,231.0,329.0,277.0,312.0,182.0,211.0,221.0,253.0,190.0,254.0,224.0,221.0,282.0,226.0,174.0,228.0,177.0,221.0,241.0,170.0,209.0,169.0,218.0,280.0,1089.0
G_9,85.0,318.0,229.0,171.0,264.0,299.0,293.0,212.0,85.0,0.0,220.0,351.0,227.0,209.0,218.0,313.0,268.0,333.0,273.0,386.0,323.0,235.0,193.0,267.0,245.0,312.0,240.0,220.0,285.0,237.0,207.0,251.0,210.0,261.0,229.0,218.0,289.0,213.0,233.0,190.0,222.0,224.0,1004.0
G_10,183.0,205.0,192.0,155.0,138.0,160.0,236.0,305.0,177.0,220.0,0.0,287.0,290.0,168.0,249.0,187.0,145.0,264.0,224.0,308.0,275.0,284.0,224.0,245.0,254.0,162.0,248.0,336.0,196.0,271.0,308.0,268.0,190.0,252.0,191.0,215.0,267.0,170.0,234.0,155.0,159.0,247.0,1135.0
G_11,283.0,368.0,330.0,298.0,269.0,329.0,348.0,435.0,283.0,351.0,287.0,0.0,376.0,279.0,361.0,318.0,277.0,443.0,344.0,432.0,352.0,508.0,316.0,345.0,352.0,294.0,360.0,395.0,262.0,369.0,464.0,353.0,331.0,331.0,323.0,386.0,368.0,303.0,355.0,363.0,360.0,443.0,1334.0
G_12,214.0,354.0,275.0,252.0,329.0,344.0,281.0,303.0,227.0,227.0,290.0,376.0,0.0,281.0,329.0,352.0,338.0,381.0,274.0,432.0,275.0,369.0,228.0,323.0,298.0,337.0,313.0,274.0,306.0,276.0,347.0,286.0,262.0,291.0,252.0,283.0,312.0,292.0,302.0,275.0,286.0,335.0,1166.0
G_13,194.0,234.0,173.0,104.0,162.0,199.0,218.0,319.0,194.0,209.0,168.0,279.0,281.0,0.0,226.0,206.0,171.0,279.0,214.0,308.0,308.0,301.0,243.0,226.0,205.0,199.0,259.0,333.0,135.0,300.0,236.0,283.0,177.0,210.0,165.0,181.0,241.0,151.0,201.0,155.0,176.0,294.0,1106.0
G_14,173.0,248.0,211.0,183.0,249.0,240.0,273.0,322.0,165.0,218.0,249.0,361.0,329.0,226.0,0.0,206.0,236.0,287.0,228.0,297.0,320.0,333.0,270.0,174.0,168.0,277.0,220.0,287.0,220.0,286.0,264.0,265.0,244.0,184.0,218.0,195.0,154.0,185.0,146.0,218.0,213.0,318.0,1137.0
G_15,268.0,213.0,224.0,214.0,170.0,181.0,259.0,381.0,252.0,313.0,187.0,318.0,352.0,206.0,206.0,0.0,172.0,282.0,219.0,280.0,322.0,328.0,303.0,212.0,230.0,197.0,265.0,370.0,162.0,317.0,318.0,307.0,274.0,230.0,242.0,244.0,238.0,191.0,215.0,245.0,179.0,331.0,1235.0
G_16,221.0,202.0,230.0,182.0,116.0,158.0,257.0,369.0,207.0,268.0,145.0,277.0,338.0,171.0,236.0,172.0,0.0,258.0,232.0,268.0,327.0,316.0,291.0,246.0,261.0,149.0,273.0,397.0,189.0,320.0,334.0,315.0,234.0,245.0,213.0,242.0,263.0,161.0,243.0,155.0,202.0,337.0,1237.0
G_17,299.0,291.0,299.0,277.0,286.0,245.0,330.0,369.0,291.0,333.0,264.0,443.0,381.0,279.0,287.0,282.0,258.0,0.0,306.0,284.0,336.0,332.0,335.0,273.0,303.0,302.0,364.0,410.0,299.0,347.0,330.0,354.0,310.0,306.0,310.0,274.0,320.0,256.0,290.0,283.0,265.0,341.0,1187.0
G_18,245.0,225.0,162.0,171.0,221.0,206.0,186.0,310.0,231.0,273.0,224.0,344.0,274.0,214.0,228.0,219.0,232.0,306.0,0.0,302.0,252.0,320.0,252.0,239.0,221.0,206.0,261.0,372.0,239.0,256.0,255.0,305.0,241.0,257.0,189.0,191.0,252.0,202.0,221.0,229.0,218.0,309.0,1124.0
G_19,343.0,294.0,313.0,297.0,274.0,269.0,339.0,424.0,329.0,386.0,308.0,432.0,432.0,308.0,297.0,280.0,268.0,284.0,302.0,0.0,396.0,401.0,375.0,245.0,322.0,298.0,349.0,452.0,282.0,370.0,359.0,401.0,336.0,309.0,317.0,289.0,302.0,281.0,304.0,316.0,313.0,408.0,1303.0
G_20,287.0,329.0,238.0,253.0,312.0,287.0,292.0,319.0,277.0,323.0,275.0,352.0,275.0,308.0,320.0,322.0,327.0,336.0,252.0,396.0,0.0,426.0,274.0,296.0,315.0,293.0,300.0,339.0,316.0,282.0,366.0,289.0,318.0,300.0,233.0,292.0,322.0,297.0,316.0,315.0,290.0,360.0,1242.0
G_21,312.0,328.0,325.0,294.0,309.0,266.0,379.0,262.0,312.0,235.0,284.0,508.0,369.0,301.0,333.0,328.0,316.0,332.0,320.0,401.0,426.0,0.0,335.0,344.0,326.0,351.0,368.0,368.0,332.0,355.0,141.0,391.0,345.0,391.0,348.0,276.0,386.0,339.0,320.0,296.0,256.0,186.0,907.0
G_22,172.0,312.0,213.0,200.0,286.0,273.0,262.0,289.0,182.0,193.0,224.0,316.0,228.0,243.0,270.0,303.0,291.0,335.0,252.0,375.0,274.0,335.0,0.0,269.0,251.0,276.0,295.0,301.0,275.0,204.0,293.0,216.0,239.0,242.0,255.0,227.0,311.0,241.0,256.0,244.0,238.0,298.0,1175.0
G_23,222.0,251.0,208.0,207.0,242.0,232.0,270.0,338.0,211.0,267.0,245.0,345.0,323.0,226.0,174.0,212.0,246.0,273.0,239.0,245.0,296.0,344.0,269.0,0.0,186.0,277.0,256.0,324.0,210.0,299.0,277.0,264.0,254.0,193.0,232.0,204.0,188.0,189.0,177.0,225.0,220.0,320.0,1130.0
G_24,226.0,258.0,206.0,180.0,260.0,231.0,262.0,325.0,221.0,245.0,254.0,352.0,298.0,205.0,168.0,230.0,261.0,303.0,221.0,322.0,315.0,326.0,251.0,186.0,0.0,287.0,259.0,313.0,221.0,274.0,244.0,269.0,220.0,188.0,220.0,188.0,206.0,168.0,68.0,234.0,184.0,308.0,1134.0
G_25,267.0,185.0,211.0,205.0,118.0,136.0,220.0,363.0,253.0,312.0,162.0,294.0,337.0,199.0,277.0,197.0,149.0,302.0,206.0,298.0,293.0,351.0,276.0,277.0,287.0,0.0,266.0,415.0,206.0,330.0,346.0,338.0,262.0,280.0,238.0,242.0,297.0,215.0,277.0,230.0,202.0,308.0,1235.0
G_26,198.0,286.0,211.0,219.0,249.0,254.0,260.0,291.0,190.0,240.0,248.0,360.0,313.0,259.0,220.0,265.0,273.0,364.0,261.0,349.0,300.0,368.0,295.0,256.0,259.0,266.0,0.0,268.0,277.0,312.0,287.0,287.0,216.0,279.0,253.0,233.0,219.0,255.0,225.0,241.0,215.0,328.0,1084.0
G_27,244.0,399.0,323.0,300.0,384.0,384.0,379.0,272.0,254.0,220.0,336.0,395.0,274.0,333.0,287.0,370.0,397.0,410.0,372.0,452.0,339.0,368.0,301.0,324.0,313.0,415.0,268.0,0.0,369.0,331.0,314.0,278.0,313.0,328.0,356.0,297.0,307.0,334.0,287.0,313.0,281.0,298.0,1089.0
G_28,237.0,225.0,223.0,204.0,181.0,202.0,261.0,380.0,224.0,285.0,196.0,262.0,306.0,135.0,220.0,162.0,189.0,299.0,239.0,282.0,316.0,332.0,275.0,210.0,221.0,206.0,277.0,369.0,0.0,306.0,307.0,291.0,262.0,216.0,237.0,239.0,240.0,217.0,229.0,242.0,209.0,325.0,1206.0
G_29,230.0,322.0,265.0,254.0,319.0,285.0,320.0,312.0,221.0,237.0,271.0,369.0,276.0,300.0,286.0,317.0,320.0,347.0,256.0,370.0,282.0,355.0,204.0,299.0,274.0,330.0,312.0,331.0,306.0,0.0,323.0,262.0,284.0,293.0,293.0,279.0,328.0,290.0,271.0,307.0,264.0,301.0,1204.0
G_30,282.0,331.0,261.0,221.0,334.0,290.0,313.0,253.0,282.0,207.0,308.0,464.0,347.0,236.0,264.0,318.0,334.0,330.0,255.0,359.0,366.0,141.0,293.0,277.0,244.0,346.0,287.0,314.0,307.0,323.0,0.0,346.0,283.0,301.0,282.0,199.0,303.0,272.0,244.0,279.0,243.0,231.0,870.0
G_31,224.0,346.0,240.0,235.0,310.0,301.0,312.0,345.0,226.0,251.0,268.0,353.0,286.0,283.0,265.0,307.0,315.0,354.0,305.0,401.0,289.0,391.0,216.0,264.0,269.0,338.0,287.0,278.0,291.0,262.0,346.0,0.0,279.0,249.0,275.0,273.0,285.0,268.0,263.0,274.0,250.0,333.0,1243.0
G_32,180.0,299.0,216.0,146.0,213.0,253.0,161.0,300.0,174.0,210.0,190.0,331.0,262.0,177.0,244.0,274.0,234.0,310.0,241.0,336.0,318.0,345.0,239.0,254.0,220.0,262.0,216.0,313.0,262.0,284.0,283.0,279.0,0.0,250.0,189.0,200.0,238.0,168.0,198.0,172.0,215.0,331.0,1130.0
G_33,221.0,266.0,197.0,169.0,252.0,253.0,261.0,371.0,228.0,261.0,252.0,331.0,291.0,210.0,184.0,230.0,245.0,306.0,257.0,309.0,300.0,391.0,242.0,193.0,188.0,280.0,279.0,328.0,216.0,293.0,301.0,249.0,250.0,0.0,198.0,215.0,205.0,177.0,191.0,214.0,216.0,360.0,1226.0
G_34,190.0,257.0,193.0,92.0,184.0,237.0,205.0,346.0,177.0,229.0,191.0,323.0,252.0,165.0,218.0,242.0,213.0,310.0,189.0,317.0,233.0,348.0,255.0,232.0,220.0,238.0,253.0,356.0,237.0,293.0,282.0,275.0,189.0,198.0,0.0,210.0,232.0,142.0,206.0,178.0,211.0,338.0,1173.0
G_35,221.0,235.0,174.0,150.0,240.0,208.0,223.0,271.0,221.0,218.0,215.0,386.0,283.0,181.0,195.0,244.0,242.0,274.0,191.0,289.0,292.0,276.0,227.0,204.0,188.0,242.0,233.0,297.0,239.0,279.0,199.0,273.0,200.0,215.0,210.0,0.0,214.0,189.0,178.0,181.0,167.0,286.0,1079.0
G_36,246.0,275.0,226.0,204.0,256.0,262.0,250.0,359.0,241.0,289.0,267.0,368.0,312.0,241.0,154.0,238.0,263.0,320.0,252.0,302.0,322.0,386.0,311.0,188.0,206.0,297.0,219.0,307.0,240.0,328.0,303.0,285.0,238.0,205.0,232.0,214.0,0.0,213.0,185.0,233.0,226.0,368.0,1139.0
G_37,182.0,230.0,178.0,106.0,178.0,212.0,195.0,332.0,170.0,213.0,170.0,303.0,292.0,151.0,185.0,191.0,161.0,256.0,202.0,281.0,297.0,339.0,241.0,189.0,168.0,215.0,255.0,334.0,217.0,290.0,272.0,268.0,168.0,177.0,142.0,189.0,213.0,0.0,156.0,152.0,192.0,323.0,1125.0
G_38,213.0,249.0,193.0,170.0,241.0,237.0,257.0,315.0,209.0,233.0,234.0,355.0,302.0,201.0,146.0,215.0,243.0,290.0,221.0,304.0,316.0,320.0,256.0,177.0,68.0,277.0,225.0,287.0,229.0,271.0,244.0,263.0,198.0,191.0,206.0,178.0,185.0,156.0,0.0,215.0,167.0,296.0,1104.0
G_39,165.0,227.0,175.0,130.0,190.0,221.0,226.0,308.0,169.0,190.0,155.0,363.0,275.0,155.0,218.0,245.0,155.0,283.0,229.0,316.0,315.0,296.0,244.0,225.0,234.0,230.0,241.0,313.0,242.0,307.0,279.0,274.0,172.0,214.0,178.0,181.0,233.0,152.0,215.0,0.0,177.0,311.0,1152.0
G_40,221.0,223.0,175.0,158.0,182.0,165.0,254.0,286.0,218.0,222.0,159.0,360.0,286.0,176.0,213.0,179.0,202.0,265.0,218.0,313.0,290.0,256.0,238.0,220.0,184.0,202.0,215.0,281.0,209.0,264.0,243.0,250.0,215.0,216.0,211.0,167.0,226.0,192.0,167.0,177.0,0.0,224.0,1091.0
G_41,282.0,292.0,283.0,285.0,322.0,280.0,343.0,250.0,280.0,224.0,247.0,443.0,335.0,294.0,318.0,331.0,337.0,341.0,309.0,408.0,360.0,186.0,298.0,320.0,308.0,308.0,328.0,298.0,325.0,301.0,231.0,333.0,331.0,360.0,338.0,286.0,368.0,323.0,296.0,311.0,224.0,0.0,965.0
G_42,1103.0,1224.0,1117.0,1063.0,1214.0,1165.0,1124.0,1099.0,1089.0,1004.0,1135.0,1334.0,1166.0,1106.0,1137.0,1235.0,1237.0,1187.0,1124.0,1303.0,1242.0,907.0,1175.0,1130.0,1134.0,1235.0,1084.0,1089.0,1206.0,1204.0,870.0,1243.0,1130.0,1226.0,1173.0,1079.0,1139.0,1125.0,1104.0,1152.0,1091.0,965.0,0.0
