,G_base,G_1,G_2,G_3,G_4,G_5,G_6,G_7,G_8,G_9,G_10,G_11,G_12,G_13,G_14,G_15,G_16,G_17,G_18,G_19,G_20,G_21,G_22,G_23,G_24,G_25,G_26,G_27,G_28,G_29,G_30,G_31,G_32,G_33,G_34,G_35,G_36,G_37,G_38,G_39,G_40,G_41,G_42,G_43,G_44,G_45,G_46,G_47,G_48,G_49,G_50,G_51
G_base,0.0,346.0,282.0,392.0,3517.0,476.0,100.0,248.0,3415.0,3616.0,3545.0,1884.0,3553.0,286.0,3220.0,2161.0,352.0,2.0,1817.0,3652.0,315.0,438.0,3371.0,3296.0,3220.0,300.0,265.0,336.0,1947.0,1817.0,0.0,1986.0,5042.0,42.0,2.0,417.0,1940.0,417.0,322.0,282.0,518.0,2226.0,327.0,2004.0,4.0,334.0,653.0,50.0,4.0,1949.0,3377.0,83628.0
G_1,346.0,0.0,563.0,692.0,3763.0,757.0,399.0,538.0,3695.0,3767.0,3586.0,2105.0,3779.0,597.0,3516.0,2280.0,657.0,344.0,2074.0,3736.0,623.0,402.0,3636.0,3596.0,3516.0,573.0,543.0,556.0,2113.0,2074.0,346.0,2227.0,5175.0,345.0,344.0,424.0,2244.0,424.0,610.0,563.0,783.0,2307.0,634.0,2095.0,350.0,606.0,656.0,396.0,350.0,2040.0,3623.0,83825.0
G_2,282.0,563.0,0.0,566.0,3415.0,384.0,250.0,337.0,3578.0,3598.0,3746.0,1789.0,3436.0,516.0,3392.0,2067.0,533.0,280.0,1957.0,3479.0,529.0,548.0,3520.0,3570.0,3392.0,196.0,158.0,181.0,1761.0,1957.0,282.0,2118.0,4975.0,322.0,280.0,451.0,2121.0,451.0,501.0,0.0,393.0,2128.0,538.0,2003.0,286.0,572.0,679.0,236.0,286.0,2025.0,3502.0,83773.0
G_3,392.0,692.0,566.0,0.0,3745.0,596.0,450.0,458.0,3401.0,3645.0,3791.0,2100.0,3717.0,216.0,3492.0,2105.0,270.0,394.0,1901.0,3798.0,197.0,761.0,3440.0,3678.0,3492.0,575.0,552.0,607.0,2213.0,1901.0,392.0,1793.0,5288.0,434.0,394.0,698.0,1901.0,698.0,286.0,566.0,613.0,2325.0,201.0,2272.0,396.0,346.0,879.0,420.0,396.0,2220.0,3507.0,83788.0
G_4,3517.0,3763.0,3415.0,3745.0,0.0,3558.0,3511.0,3527.0,513.0,541.0,6979.0,1798.0,146.0,3659.0,301.0,2072.0,3655.0,3515.0,2031.0,312.0,3675.0,3743.0,416.0,6809.0,301.0,3356.0,3375.0,3380.0,1896.0,2031.0,3517.0,2161.0,1824.0,3557.0,3515.0,3644.0,2156.0,3644.0,3718.0,3415.0,3431.0,2073.0,3684.0,5213.0,3517.0,3740.0,3843.0,3467.0,3517.0,5258.0,405.0,87078.0
G_5,476.0,757.0,384.0,596.0,3558.0,0.0,475.0,448.0,3638.0,3734.0,3893.0,2002.0,3552.0,613.0,3608.0,2139.0,613.0,474.0,2027.0,3620.0,596.0,773.0,3623.0,3754.0,3608.0,397.0,361.0,399.0,2039.0,2027.0,476.0,2171.0,5213.0,516.0,474.0,690.0,2167.0,690.0,541.0,384.0,477.0,2255.0,623.0,2206.0,480.0,639.0,884.0,448.0,480.0,2229.0,3611.0,83716.0
G_6,100.0,399.0,250.0,450.0,3511.0,475.0,0.0,251.0,3462.0,3614.0,3574.0,1857.0,3526.0,354.0,3275.0,2107.0,407.0,99.0,1826.0,3600.0,384.0,436.0,3393.0,3392.0,3275.0,272.0,243.0,304.0,1878.0,1826.0,100.0,2017.0,5037.0,141.0,99.0,367.0,1998.0,367.0,385.0,250.0,489.0,2166.0,396.0,1953.0,104.0,409.0,620.0,72.0,104.0,1912.0,3389.0,83652.0
G_7,248.0,538.0,337.0,458.0,3527.0,448.0,251.0,0.0,3481.0,3636.0,3745.0,1887.0,3488.0,412.0,3397.0,2111.0,419.0,247.0,1844.0,3575.0,393.0,568.0,3360.0,3540.0,3397.0,317.0,308.0,364.0,1988.0,1844.0,248.0,2021.0,5138.0,289.0,247.0,428.0,2018.0,428.0,412.0,337.0,437.0,2153.0,415.0,1974.0,252.0,444.0,655.0,233.0,252.0,1977.0,3387.0,83838.0
G_8,3415.0,3695.0,3578.0,3401.0,513.0,3638.0,3462.0,3481.0,0.0,438.0,6731.0,2003.0,489.0,3363.0,258.0,2101.0,3420.0,3417.0,1794.0,556.0,3328.0,3667.0,216.0,6705.0,258.0,3587.0,3579.0,3625.0,2067.0,1794.0,3415.0,1833.0,2043.0,3451.0,3417.0,3590.0,1889.0,3590.0,3332.0,3578.0,3689.0,2258.0,3342.0,5204.0,3415.0,3404.0,3801.0,3445.0,3415.0,5151.0,262.0,86819.0
G_9,3616.0,3767.0,3598.0,3645.0,541.0,3734.0,3614.0,3636.0,438.0,0.0,6963.0,2063.0,513.0,3537.0,405.0,1923.0,3525.0,3614.0,1999.0,552.0,3530.0,3784.0,469.0,6890.0,405.0,3631.0,3594.0,3645.0,2061.0,1999.0,3616.0,1980.0,2108.0,3642.0,3614.0,3670.0,2047.0,3670.0,3601.0,3598.0,3707.0,2257.0,3540.0,5269.0,3614.0,3650.0,3888.0,3605.0,3614.0,5233.0,437.0,87042.0
G_10,3545.0,3586.0,3746.0,3791.0,6979.0,3893.0,3574.0,3745.0,6731.0,6963.0,0.0,5328.0,7013.0,3705.0,6735.0,5522.0,3804.0,3543.0,5162.0,7069.0,3727.0,3415.0,6763.0,384.0,6735.0,3776.0,3759.0,3792.0,5318.0,5162.0,3545.0,5337.0,8490.0,3526.0,3543.0,3486.0,5323.0,3486.0,3681.0,3746.0,4005.0,5579.0,3743.0,2035.0,3549.0,3667.0,3684.0,3595.0,3549.0,1980.0,6826.0,80451.0
G_11,1884.0,2105.0,1789.0,2100.0,1798.0,2002.0,1857.0,1887.0,2003.0,2063.0,5328.0,0.0,1806.0,2040.0,1825.0,538.0,2057.0,1882.0,386.0,1925.0,2052.0,2127.0,1919.0,5174.0,1825.0,1715.0,1764.0,1773.0,264.0,386.0,1884.0,529.0,3438.0,1924.0,1882.0,2010.0,534.0,2010.0,2067.0,1789.0,1877.0,552.0,2058.0,3551.0,1888.0,2088.0,2213.0,1834.0,1888.0,3596.0,1871.0,85435.0
G_12,3553.0,3779.0,3436.0,3717.0,146.0,3552.0,3526.0,3488.0,489.0,513.0,7013.0,1806.0,0.0,3634.0,337.0,2043.0,3646.0,3551.0,1991.0,264.0,3638.0,3781.0,390.0,6844.0,337.0,3354.0,3390.0,3392.0,1923.0,1991.0,3553.0,2126.0,1862.0,3593.0,3551.0,3651.0,2152.0,3651.0,3691.0,3436.0,3386.0,1987.0,3655.0,5205.0,3553.0,3717.0,3846.0,3503.0,3553.0,5250.0,366.0,87124.0
G_13,286.0,597.0,516.0,216.0,3659.0,613.0,354.0,412.0,3363.0,3537.0,3705.0,2040.0,3634.0,0.0,3370.0,2016.0,155.0,287.0,1818.0,3763.0,77.0,677.0,3370.0,3574.0,3370.0,521.0,495.0,553.0,2138.0,1818.0,286.0,1755.0,5194.0,327.0,287.0,645.0,1803.0,645.0,180.0,516.0,571.0,2321.0,66.0,2223.0,290.0,199.0,829.0,319.0,290.0,2170.0,3440.0,83810.0
G_14,3220.0,3516.0,3392.0,3492.0,301.0,3608.0,3275.0,3397.0,258.0,405.0,6735.0,1825.0,337.0,3370.0,0.0,2076.0,3385.0,3222.0,1793.0,470.0,3393.0,3534.0,183.0,6516.0,0.0,3404.0,3373.0,3444.0,1902.0,1793.0,3220.0,1923.0,1860.0,3262.0,3222.0,3443.0,1892.0,3443.0,3455.0,3392.0,3574.0,2188.0,3395.0,5068.0,3220.0,3447.0,3689.0,3220.0,3220.0,5013.0,163.0,86848.0
G_15,2161.0,2280.0,2067.0,2105.0,2072.0,2139.0,2107.0,2111.0,2101.0,1923.0,5522.0,538.0,2043.0,2016.0,2076.0,0.0,1992.0,2160.0,545.0,2009.0,1994.0,2361.0,2096.0,5451.0,2076.0,2096.0,2093.0,2091.0,359.0,545.0,2161.0,410.0,3595.0,2202.0,2160.0,2256.0,515.0,2256.0,2084.0,2067.0,2046.0,578.0,2005.0,3803.0,2164.0,2165.0,2454.0,2113.0,2164.0,3827.0,2038.0,85541.0
G_16,352.0,657.0,533.0,270.0,3655.0,613.0,407.0,419.0,3420.0,3525.0,3804.0,2057.0,3646.0,155.0,3385.0,1992.0,0.0,354.0,1884.0,3716.0,138.0,723.0,3415.0,3631.0,3385.0,550.0,528.0,583.0,2155.0,1884.0,352.0,1767.0,5208.0,378.0,354.0,615.0,1769.0,615.0,305.0,533.0,546.0,2274.0,144.0,2205.0,356.0,306.0,840.0,354.0,356.0,2154.0,3424.0,83913.0
G_17,2.0,344.0,280.0,394.0,3515.0,474.0,99.0,247.0,3417.0,3614.0,3543.0,1882.0,3551.0,287.0,3222.0,2160.0,354.0,0.0,1815.0,3650.0,317.0,436.0,3370.0,3296.0,3222.0,298.0,263.0,334.0,1945.0,1815.0,2.0,1988.0,5040.0,42.0,0.0,415.0,1942.0,415.0,323.0,280.0,516.0,2225.0,329.0,2002.0,6.0,335.0,653.0,52.0,6.0,1947.0,3378.0,83626.0
G_18,1817.0,2074.0,1957.0,1901.0,2031.0,2027.0,1826.0,1844.0,1794.0,1999.0,5162.0,386.0,1991.0,1818.0,1793.0,545.0,1884.0,1815.0,0.0,2076.0,1824.0,2117.0,1781.0,5101.0,1793.0,1959.0,1938.0,2002.0,471.0,0.0,1817.0,345.0,3577.0,1856.0,1815.0,2022.0,359.0,2022.0,1796.0,1957.0,2039.0,657.0,1852.0,3623.0,1815.0,1834.0,2248.0,1823.0,1815.0,3569.0,1787.0,85245.0
G_19,3652.0,3736.0,3479.0,3798.0,312.0,3620.0,3600.0,3575.0,556.0,552.0,7069.0,1925.0,264.0,3763.0,470.0,2009.0,3716.0,3650.0,2076.0,0.0,3733.0,3860.0,501.0,6915.0,470.0,3482.0,3490.0,3445.0,1901.0,2076.0,3652.0,2164.0,1842.0,3679.0,3650.0,3700.0,2227.0,3700.0,3734.0,3479.0,3500.0,1880.0,3743.0,5255.0,3656.0,3799.0,3913.0,3602.0,3656.0,5298.0,433.0,87015.0
G_20,315.0,623.0,529.0,197.0,3675.0,596.0,384.0,393.0,3328.0,3530.0,3727.0,2052.0,3638.0,77.0,3393.0,1994.0,138.0,317.0,1824.0,3733.0,0.0,696.0,3352.0,3601.0,3393.0,534.0,513.0,571.0,2154.0,1824.0,315.0,1736.0,5217.0,357.0,317.0,623.0,1791.0,623.0,215.0,529.0,554.0,2301.0,64.0,2204.0,313.0,236.0,836.0,349.0,313.0,2151.0,3406.0,83833.0
G_21,438.0,402.0,548.0,761.0,3743.0,773.0,436.0,568.0,3667.0,3784.0,3415.0,2127.0,3781.0,677.0,3534.0,2361.0,723.0,436.0,2117.0,3860.0,696.0,0.0,3634.0,3670.0,3534.0,576.0,566.0,594.0,2118.0,2117.0,438.0,2291.0,5290.0,450.0,436.0,234.0,2261.0,234.0,692.0,548.0,797.0,2388.0,711.0,1943.0,442.0,677.0,442.0,458.0,442.0,1909.0,3638.0,83774.0
G_22,3371.0,3636.0,3520.0,3440.0,416.0,3623.0,3393.0,3360.0,216.0,469.0,6763.0,1919.0,390.0,3370.0,183.0,2096.0,3415.0,3370.0,1781.0,501.0,3352.0,3634.0,0.0,6663.0,183.0,3505.0,3489.0,3559.0,2027.0,1781.0,3371.0,1898.0,1985.0,3412.0,3370.0,3530.0,1906.0,3530.0,3429.0,3520.0,3594.0,2208.0,3362.0,5151.0,3371.0,3435.0,3767.0,3387.0,3371.0,5109.0,188.0,86871.0
G_23,3296.0,3596.0,3570.0,3678.0,6809.0,3754.0,3392.0,3540.0,6705.0,6890.0,384.0,5174.0,6844.0,3574.0,6516.0,5451.0,3631.0,3296.0,5101.0,6915.0,3601.0,3670.0,6663.0,0.0,6516.0,3588.0,3553.0,3609.0,5219.0,5101.0,3296.0,5281.0,8324.0,3254.0,3296.0,3688.0,5215.0,3688.0,3561.0,3570.0,3806.0,5475.0,3620.0,2116.0,3300.0,3589.0,3916.0,3346.0,3300.0,2061.0,6673.0,80332.0
G_24,3220.0,3516.0,3392.0,3492.0,301.0,3608.0,3275.0,3397.0,258.0,405.0,6735.0,1825.0,337.0,3370.0,0.0,2076.0,3385.0,3222.0,1793.0,470.0,3393.0,3534.0,183.0,6516.0,0.0,3404.0,3373.0,3444.0,1902.0,1793.0,3220.0,1923.0,1860.0,3262.0,3222.0,3443.0,1892.0,3443.0,3455.0,3392.0,3574.0,2188.0,3395.0,5068.0,3220.0,3447.0,3689.0,3220.0,3220.0,5013.0,163.0,86848.0
G_25,300.0,573.0,196.0,575.0,3356.0,397.0,272.0,317.0,3587.0,3631.0,3776.0,1715.0,3354.0,521.0,3404.0,2096.0,550.0,298.0,1959.0,3482.0,534.0,576.0,3505.0,3588.0,3404.0,0.0,154.0,156.0,1814.0,1959.0,300.0,2124.0,5002.0,340.0,298.0,486.0,2130.0,486.0,537.0,196.0,328.0,2081.0,542.0,2002.0,304.0,564.0,677.0,250.0,304.0,2044.0,3491.0,83837.0
G_26,265.0,543.0,158.0,552.0,3375.0,361.0,243.0,308.0,3579.0,3594.0,3759.0,1764.0,3390.0,495.0,3373.0,2093.0,528.0,263.0,1938.0,3490.0,513.0,566.0,3489.0,3553.0,3373.0,154.0,0.0,163.0,1802.0,1938.0,265.0,2109.0,4998.0,305.0,263.0,472.0,2115.0,472.0,479.0,158.0,346.0,2121.0,517.0,2022.0,269.0,554.0,701.0,215.0,269.0,2034.0,3477.0,83774.0
G_27,336.0,556.0,181.0,607.0,3380.0,399.0,304.0,364.0,3625.0,3645.0,3792.0,1773.0,3392.0,553.0,3444.0,2091.0,583.0,334.0,2002.0,3445.0,571.0,594.0,3559.0,3609.0,3444.0,156.0,163.0,0.0,1802.0,2002.0,336.0,2146.0,4966.0,376.0,334.0,514.0,2170.0,514.0,560.0,181.0,352.0,2047.0,574.0,2053.0,340.0,615.0,737.0,286.0,340.0,2081.0,3547.0,83807.0
G_28,1947.0,2113.0,1761.0,2213.0,1896.0,2039.0,1878.0,1988.0,2067.0,2061.0,5318.0,264.0,1923.0,2138.0,1902.0,359.0,2155.0,1945.0,471.0,1901.0,2154.0,2118.0,2027.0,5219.0,1902.0,1814.0,1802.0,1802.0,0.0,471.0,1947.0,611.0,3432.0,1972.0,1945.0,2037.0,641.0,2037.0,2117.0,1761.0,1991.0,508.0,2161.0,3612.0,1950.0,2169.0,2267.0,1897.0,1950.0,3637.0,2010.0,85278.0
G_29,1817.0,2074.0,1957.0,1901.0,2031.0,2027.0,1826.0,1844.0,1794.0,1999.0,5162.0,386.0,1991.0,1818.0,1793.0,545.0,1884.0,1815.0,0.0,2076.0,1824.0,2117.0,1781.0,5101.0,1793.0,1959.0,1938.0,2002.0,471.0,0.0,1817.0,345.0,3577.0,1856.0,1815.0,2022.0,359.0,2022.0,1796.0,1957.0,2039.0,657.0,1852.0,3623.0,1815.0,1834.0,2248.0,1823.0,1815.0,3569.0,1787.0,85245.0
G_30,0.0,346.0,282.0,392.0,3517.0,476.0,100.0,248.0,3415.0,3616.0,3545.0,1884.0,3553.0,286.0,3220.0,2161.0,352.0,2.0,1817.0,3652.0,315.0,438.0,3371.0,3296.0,3220.0,300.0,265.0,336.0,1947.0,1817.0,0.0,1986.0,5042.0,42.0,2.0,417.0,1940.0,417.0,322.0,282.0,518.0,2226.0,327.0,2004.0,4.0,334.0,653.0,50.0,4.0,1949.0,3377.0,83628.0
G_31,1986.0,2227.0,2118.0,1793.0,2161.0,2171.0,2017.0,2021.0,1833.0,1980.0,5337.0,529.0,2126.0,1755.0,1923.0,410.0,1767.0,1988.0,345.0,2164.0,1736.0,2291.0,1898.0,5281.0,1923.0,2124.0,2109.0,2146.0,611.0,345.0,1986.0,0.0,3637.0,2028.0,1988.0,2195.0,246.0,2195.0,1835.0,2118.0,2142.0,696.0,1742.0,3791.0,1990.0,1915.0,2396.0,1987.0,1990.0,3740.0,1921.0,85393.0
G_32,5042.0,5175.0,4975.0,5288.0,1824.0,5213.0,5037.0,5138.0,2043.0,2108.0,8490.0,3438.0,1862.0,5194.0,1860.0,3595.0,5208.0,5040.0,3577.0,1842.0,5217.0,5290.0,1985.0,8324.0,1860.0,5002.0,4998.0,4966.0,3432.0,3577.0,5042.0,3637.0,0.0,5082.0,5040.0,5169.0,3699.0,5169.0,5203.0,4975.0,5145.0,3612.0,5221.0,6801.0,5042.0,5270.0,5377.0,5022.0,5042.0,6808.0,1971.0,88432.0
G_33,42.0,345.0,322.0,434.0,3557.0,516.0,141.0,289.0,3451.0,3642.0,3526.0,1924.0,3593.0,327.0,3262.0,2202.0,378.0,42.0,1856.0,3679.0,357.0,450.0,3412.0,3254.0,3262.0,340.0,305.0,376.0,1972.0,1856.0,42.0,2028.0,5082.0,0.0,42.0,441.0,1964.0,441.0,360.0,322.0,558.0,2254.0,369.0,2022.0,46.0,372.0,675.0,92.0,46.0,1967.0,3419.0,83586.0
G_34,2.0,344.0,280.0,394.0,3515.0,474.0,99.0,247.0,3417.0,3614.0,3543.0,1882.0,3551.0,287.0,3222.0,2160.0,354.0,0.0,1815.0,3650.0,317.0,436.0,3370.0,3296.0,3222.0,298.0,263.0,334.0,1945.0,1815.0,2.0,1988.0,5040.0,42.0,0.0,415.0,1942.0,415.0,323.0,280.0,516.0,2225.0,329.0,2002.0,6.0,335.0,653.0,52.0,6.0,1947.0,3378.0,83626.0
G_35,417.0,424.0,451.0,698.0,3644.0,690.0,367.0,428.0,3590.0,3670.0,3486.0,2010.0,3651.0,645.0,3443.0,2256.0,615.0,415.0,2022.0,3700.0,623.0,234.0,3530.0,3688.0,3443.0,486.0,472.0,514.0,2037.0,2022.0,417.0,2195.0,5169.0,441.0,415.0,0.0,2180.0,0.0,648.0,451.0,695.0,2246.0,639.0,1809.0,421.0,629.0,348.0,410.0,421.0,1774.0,3504.0,83865.0
G_36,1940.0,2244.0,2121.0,1901.0,2156.0,2167.0,1998.0,2018.0,1889.0,2047.0,5323.0,534.0,2152.0,1803.0,1892.0,515.0,1769.0,1942.0,359.0,2227.0,1791.0,2261.0,1906.0,5215.0,1892.0,2130.0,2115.0,2170.0,641.0,359.0,1940.0,246.0,3699.0,1964.0,1942.0,2180.0,0.0,2180.0,1910.0,2121.0,2172.0,730.0,1801.0,3749.0,1944.0,1930.0,2368.0,1942.0,1944.0,3703.0,1937.0,85343.0
G_37,417.0,424.0,451.0,698.0,3644.0,690.0,367.0,428.0,3590.0,3670.0,3486.0,2010.0,3651.0,645.0,3443.0,2256.0,615.0,415.0,2022.0,3700.0,623.0,234.0,3530.0,3688.0,3443.0,486.0,472.0,514.0,2037.0,2022.0,417.0,2195.0,5169.0,441.0,415.0,0.0,2180.0,0.0,648.0,451.0,695.0,2246.0,639.0,1809.0,421.0,629.0,348.0,410.0,421.0,1774.0,3504.0,83865.0
G_38,322.0,610.0,501.0,286.0,3718.0,541.0,385.0,412.0,3332.0,3601.0,3681.0,2067.0,3691.0,180.0,3455.0,2084.0,305.0,323.0,1796.0,3734.0,215.0,692.0,3429.0,3561.0,3455.0,537.0,479.0,560.0,2117.0,1796.0,322.0,1835.0,5203.0,360.0,323.0,648.0,1910.0,648.0,0.0,501.0,561.0,2320.0,231.0,2220.0,326.0,213.0,835.0,354.0,326.0,2167.0,3476.0,83654.0
G_39,282.0,563.0,0.0,566.0,3415.0,384.0,250.0,337.0,3578.0,3598.0,3746.0,1789.0,3436.0,516.0,3392.0,2067.0,533.0,280.0,1957.0,3479.0,529.0,548.0,3520.0,3570.0,3392.0,196.0,158.0,181.0,1761.0,1957.0,282.0,2118.0,4975.0,322.0,280.0,451.0,2121.0,451.0,501.0,0.0,393.0,2128.0,538.0,2003.0,286.0,572.0,679.0,236.0,286.0,2025.0,3502.0,83773.0
G_40,518.0,783.0,393.0,613.0,3431.0,477.0,489.0,437.0,3689.0,3707.0,4005.0,1877.0,3386.0,571.0,3574.0,2046.0,546.0,516.0,2039.0,3500.0,554.0,797.0,3594.0,3806.0,3574.0,328.0,346.0,352.0,1991.0,2039.0,518.0,2142.0,5145.0,558.0,516.0,695.0,2172.0,695.0,561.0,393.0,0.0,2023.0,565.0,2205.0,522.0,604.0,882.0,468.0,522.0,2249.0,3562.0,84079.0
G_41,2226.0,2307.0,2128.0,2325.0,2073.0,2255.0,2166.0,2153.0,2258.0,2257.0,5579.0,552.0,1987.0,2321.0,2188.0,578.0,2274.0,2225.0,657.0,1880.0,2301.0,2388.0,2208.0,5475.0,2188.0,2081.0,2121.0,2047.0,508.0,657.0,2226.0,696.0,3612.0,2254.0,2225.0,2246.0,730.0,2246.0,2320.0,2128.0,2023.0,0.0,2307.0,3788.0,2230.0,2339.0,2446.0,2186.0,2230.0,3827.0,2151.0,85550.0
G_42,327.0,634.0,538.0,201.0,3684.0,623.0,396.0,415.0,3342.0,3540.0,3743.0,2058.0,3655.0,66.0,3395.0,2005.0,144.0,329.0,1852.0,3743.0,64.0,711.0,3362.0,3620.0,3395.0,542.0,517.0,574.0,2161.0,1852.0,327.0,1742.0,5221.0,369.0,329.0,639.0,1801.0,639.0,231.0,538.0,565.0,2307.0,0.0,2228.0,331.0,244.0,855.0,358.0,331.0,2178.0,3420.0,83843.0
G_43,2004.0,2095.0,2003.0,2272.0,5213.0,2206.0,1953.0,1974.0,5204.0,5269.0,2035.0,3551.0,5205.0,2223.0,5068.0,3803.0,2205.0,2002.0,3623.0,5255.0,2204.0,1943.0,5151.0,2116.0,5068.0,2002.0,2022.0,2053.0,3612.0,3623.0,2004.0,3791.0,6801.0,2022.0,2002.0,1809.0,3749.0,1809.0,2220.0,2003.0,2205.0,3788.0,2228.0,0.0,2007.0,2202.0,1987.0,1959.0,2007.0,55.0,5089.0,82300.0
G_44,4.0,350.0,286.0,396.0,3517.0,480.0,104.0,252.0,3415.0,3614.0,3549.0,1888.0,3553.0,290.0,3220.0,2164.0,356.0,6.0,1815.0,3656.0,313.0,442.0,3371.0,3300.0,3220.0,304.0,269.0,340.0,1950.0,1815.0,4.0,1990.0,5042.0,46.0,6.0,421.0,1944.0,421.0,326.0,286.0,522.0,2230.0,331.0,2007.0,0.0,338.0,657.0,54.0,2.0,1952.0,3377.0,83628.0
G_45,334.0,606.0,572.0,346.0,3740.0,639.0,409.0,444.0,3404.0,3650.0,3667.0,2088.0,3717.0,199.0,3447.0,2165.0,306.0,335.0,1834.0,3799.0,236.0,677.0,3435.0,3589.0,3447.0,564.0,554.0,615.0,2169.0,1834.0,334.0,1915.0,5270.0,372.0,335.0,629.0,1930.0,629.0,213.0,572.0,604.0,2339.0,244.0,2202.0,338.0,0.0,847.0,369.0,338.0,2147.0,3492.0,83768.0
G_46,653.0,656.0,679.0,879.0,3843.0,884.0,620.0,655.0,3801.0,3888.0,3684.0,2213.0,3846.0,829.0,3689.0,2454.0,840.0,653.0,2248.0,3913.0,836.0,442.0,3767.0,3916.0,3689.0,677.0,701.0,737.0,2267.0,2248.0,653.0,2396.0,5377.0,675.0,653.0,348.0,2368.0,348.0,835.0,679.0,882.0,2446.0,855.0,1987.0,657.0,847.0,0.0,648.0,657.0,1963.0,3740.0,83954.0
G_47,50.0,396.0,236.0,420.0,3467.0,448.0,72.0,233.0,3445.0,3605.0,3595.0,1834.0,3503.0,319.0,3220.0,2113.0,354.0,52.0,1823.0,3602.0,349.0,458.0,3387.0,3346.0,3220.0,250.0,215.0,286.0,1897.0,1823.0,50.0,1987.0,5022.0,92.0,52.0,410.0,1942.0,410.0,354.0,236.0,468.0,2186.0,358.0,1959.0,54.0,369.0,648.0,0.0,54.0,1940.0,3380.0,83678.0
G_48,4.0,350.0,286.0,396.0,3517.0,480.0,104.0,252.0,3415.0,3614.0,3549.0,1888.0,3553.0,290.0,3220.0,2164.0,356.0,6.0,1815.0,3656.0,313.0,442.0,3371.0,3300.0,3220.0,304.0,269.0,340.0,1950.0,1815.0,4.0,1990.0,5042.0,46.0,6.0,421.0,1944.0,421.0,326.0,286.0,522.0,2230.0,331.0,2007.0,2.0,338.0,657.0,54.0,0.0,1952.0,3377.0,83628.0
G_49,1949.0,2040.0,2025.0,2220.0,5258.0,2229.0,1912.0,1977.0,5151.0,5233.0,1980.0,3596.0,5250.0,2170.0,5013.0,3827.0,2154.0,1947.0,3569.0,5298.0,2151.0,1909.0,5109.0,2061.0,5013.0,2044.0,2034.0,2081.0,3637.0,3569.0,1949.0,3740.0,6808.0,1967.0,1947.0,1774.0,3703.0,1774.0,2167.0,2025.0,2249.0,3827.0,2178.0,55.0,1952.0,2147.0,1963.0,1940.0,1952.0,0.0,5049.0,82245.0
G_50,3377.0,3623.0,3502.0,3507.0,405.0,3611.0,3389.0,3387.0,262.0,437.0,6826.0,1871.0,366.0,3440.0,163.0,2038.0,3424.0,3378.0,1787.0,433.0,3406.0,3638.0,188.0,6673.0,163.0,3491.0,3477.0,3547.0,2010.0,1787.0,3377.0,1921.0,1971.0,3419.0,3378.0,3504.0,1937.0,3504.0,3476.0,3502.0,3562.0,2151.0,3420.0,5089.0,3377.0,3492.0,3740.0,3380.0,3377.0,5049.0,0.0,86925.0
G_51,83628.0,83825.0,83773.0,83788.0,87078.0,83716.0,83652.0,83838.0,86819.0,87042.0,80451.0,85435.0,87124.0,83810.0,86848.0,85541.0,83913.0,83626.0,85245.0,87015.0,83833.0,83774.0,86871.0,80332.0,86848.0,83837.0,83774.0,83807.0,85278.0,85245.0,83628.0,85393.0,88432.0,83586.0,83626.0,83865.0,85343.0,83865.0,83654.0,83773.0,84079.0,85550.0,83843.0,82300.0,83628.0,83768.0,83954.0,83678.0,83628.0,82245.0,86925.0,0.0
