,G_base,G_1,G_2,G_3,G_4,G_5,G_6,G_7,G_8,G_9,G_10,G_11,G_12,G_13,G_14,G_15,G_16,G_17,G_18,G_19,G_20,G_21,G_22,G_23,G_24,G_25,G_26,G_27,G_28,G_29,G_30,G_31,G_32,G_33,G_34,G_35,G_36,G_37,G_38,G_39,G_40,G_41,G_42,G_43,G_44,G_45,G_46,G_47,G_48,G_49,G_50,G_51,G_52,G_53,G_54,G_55,G_56,G_57,G_58,G_59,G_60,G_61,G_62,G_63,G_64,G_65,G_66,G_67,G_68,G_69,G_70,G_71,G_72,G_73,G_74,G_75,G_76,G_77,G_78,G_79,G_80,G_81,G_82,G_83,G_84,G_85,G_86,G_87,G_88,G_89,G_90,G_91,G_92,G_93,G_94,G_95,G_96,G_97,G_98,G_99,G_100,G_101,G_102,G_103,G_104,G_105,G_106,G_107,G_108,G_109,G_110,G_111,G_112,G_113,G_114,G_115,G_116,G_117,G_118,G_119,G_120,G_121,G_122,G_123,G_124,G_125,G_126,G_127,G_128,G_129,G_130,G_131,G_132,G_133,G_134,G_135,G_136,G_137,G_138,G_139,G_140,G_141,G_142,G_143,G_144,G_145,G_146,G_147,G_148,G_149,G_150,G_151,G_152,G_153,G_154,G_155,G_156,G_157,G_158,G_159,G_160,G_161,G_162,G_163,G_164,G_165,G_166,G_167,G_168,G_169,G_170,G_171,G_172,G_173,G_174,G_175,G_176,G_177,G_178,G_179,G_180,G_181,G_182,G_183,G_184,G_185,G_186,G_187,G_188,G_189,G_190,G_191,G_192,G_193,G_194,G_195,G_196,G_197,G_198,G_199,G_200,G_201
G_base,0.0,149.0,33.0,93.0,108.0,227.0,148.0,346.0,166.0,126.0,73.0,72.0,228.0,171.0,54.0,264.0,33.0,55.0,128.0,188.0,37.0,283.0,54.0,150.0,170.0,129.0,87.0,190.0,155.0,113.0,228.0,88.0,76.0,12.0,113.0,148.0,186.0,150.0,128.0,49.0,36.0,169.0,269.0,28.0,34.0,92.0,284.0,75.0,92.0,169.0,232.0,92.0,21.0,367.0,263.0,73.0,166.0,57.0,89.0,108.0,38.0,29.0,58.0,96.0,88.0,90.0,13.0,51.0,110.0,54.0,149.0,35.0,51.0,32.0,210.0,13.0,224.0,107.0,364.0,133.0,95.0,325.0,285.0,51.0,30.0,307.0,283.0,52.0,386.0,89.0,211.0,51.0,33.0,49.0,27.0,76.0,424.0,224.0,36.0,57.0,283.0,225.0,68.0,225.0,31.0,126.0,107.0,55.0,37.0,145.0,226.0,445.0,383.0,79.0,171.0,49.0,16.0,56.0,76.0,80.0,94.0,51.0,33.0,208.0,51.0,95.0,53.0,115.0,33.0,130.0,185.0,85.0,165.0,47.0,75.0,208.0,68.0,108.0,227.0,165.0,248.0,131.0,188.0,107.0,69.0,91.0,145.0,124.0,52.0,250.0,29.0,71.0,76.0,53.0,34.0,32.0,171.0,110.0,202.0,207.0,72.0,224.0,127.0,113.0,88.0,226.0,189.0,187.0,89.0,13.0,204.0,33.0,209.0,111.0,113.0,307.0,129.0,114.0,55.0,206.0,244.0,66.0,343.0,207.0,128.0,111.0,69.0,107.0,96.0,345.0,32.0,187.0,148.0,127.0,324.0,34.0,183.0,91.0,38.0,133.0,29.0,1160.0
G_1,149.0,0.0,175.0,77.0,250.0,95.0,292.0,490.0,309.0,36.0,98.0,98.0,373.0,41.0,123.0,135.0,175.0,116.0,274.0,62.0,174.0,428.0,115.0,294.0,42.0,39.0,234.0,58.0,19.0,252.0,96.0,234.0,98.0,155.0,63.0,292.0,332.0,27.0,34.0,195.0,138.0,39.0,139.0,169.0,136.0,234.0,429.0,98.0,234.0,36.0,103.0,74.0,161.0,232.0,410.0,215.0,311.0,196.0,236.0,59.0,176.0,175.0,118.0,231.0,234.0,234.0,149.0,194.0,57.0,115.0,18.0,177.0,122.0,136.0,73.0,153.0,370.0,56.0,232.0,45.0,85.0,196.0,157.0,117.0,172.0,179.0,152.0,114.0,531.0,236.0,74.0,120.0,175.0,113.0,129.0,102.0,290.0,91.0,182.0,119.0,429.0,96.0,209.0,369.0,177.0,271.0,251.0,121.0,176.0,21.0,97.0,311.0,251.0,223.0,41.0,114.0,159.0,118.0,218.0,98.0,78.0,195.0,175.0,78.0,114.0,81.0,117.0,56.0,172.0,276.0,52.0,74.0,313.0,112.0,217.0,78.0,215.0,59.0,371.0,33.0,116.0,40.0,333.0,58.0,94.0,234.0,287.0,37.0,196.0,122.0,137.0,98.0,98.0,122.0,134.0,138.0,37.0,254.0,349.0,77.0,219.0,94.0,43.0,249.0,75.0,371.0,58.0,63.0,233.0,154.0,352.0,136.0,82.0,61.0,55.0,178.0,44.0,257.0,116.0,74.0,391.0,94.0,211.0,78.0,275.0,59.0,214.0,249.0,78.0,491.0,134.0,55.0,296.0,38.0,193.0,173.0,56.0,236.0,142.0,41.0,175.0,1020.0
G_2,33.0,175.0,0.0,114.0,96.0,252.0,135.0,333.0,155.0,154.0,100.0,103.0,215.0,197.0,79.0,290.0,25.0,79.0,113.0,214.0,21.0,273.0,77.0,138.0,196.0,158.0,75.0,213.0,180.0,102.0,254.0,76.0,95.0,40.0,135.0,132.0,168.0,180.0,153.0,32.0,61.0,191.0,295.0,12.0,59.0,82.0,271.0,102.0,82.0,198.0,258.0,114.0,48.0,389.0,246.0,58.0,153.0,45.0,76.0,138.0,24.0,19.0,81.0,78.0,77.0,74.0,39.0,39.0,133.0,78.0,175.0,24.0,74.0,62.0,236.0,36.0,212.0,135.0,391.0,165.0,124.0,353.0,310.0,79.0,23.0,331.0,308.0,82.0,370.0,71.0,229.0,77.0,21.0,80.0,57.0,105.0,449.0,250.0,25.0,77.0,266.0,246.0,55.0,210.0,20.0,117.0,96.0,80.0,23.0,164.0,253.0,472.0,407.0,64.0,196.0,78.0,38.0,84.0,62.0,97.0,113.0,38.0,13.0,233.0,71.0,113.0,74.0,139.0,21.0,115.0,211.0,113.0,152.0,73.0,63.0,232.0,58.0,134.0,215.0,192.0,271.0,155.0,174.0,137.0,99.0,79.0,134.0,153.0,42.0,276.0,56.0,92.0,101.0,82.0,57.0,53.0,194.0,96.0,190.0,232.0,57.0,251.0,159.0,95.0,114.0,215.0,217.0,214.0,75.0,37.0,192.0,63.0,234.0,137.0,138.0,332.0,151.0,105.0,83.0,231.0,228.0,92.0,368.0,233.0,111.0,132.0,61.0,94.0,111.0,330.0,62.0,212.0,129.0,156.0,347.0,21.0,213.0,75.0,64.0,164.0,20.0,1180.0
G_3,93.0,77.0,114.0,0.0,196.0,154.0,232.0,436.0,253.0,59.0,44.0,45.0,315.0,99.0,62.0,192.0,123.0,55.0,213.0,119.0,117.0,368.0,61.0,235.0,105.0,65.0,173.0,118.0,81.0,196.0,158.0,178.0,40.0,99.0,38.0,235.0,274.0,85.0,60.0,136.0,83.0,95.0,201.0,113.0,78.0,179.0,371.0,42.0,179.0,104.0,164.0,19.0,105.0,291.0,351.0,160.0,246.0,142.0,176.0,41.0,123.0,116.0,66.0,181.0,176.0,176.0,98.0,135.0,38.0,62.0,75.0,123.0,64.0,81.0,139.0,94.0,313.0,36.0,290.0,65.0,31.0,254.0,213.0,60.0,117.0,230.0,210.0,63.0,476.0,177.0,131.0,61.0,119.0,61.0,74.0,44.0,349.0,152.0,122.0,58.0,372.0,155.0,152.0,313.0,120.0,213.0,194.0,64.0,120.0,76.0,159.0,369.0,312.0,165.0,99.0,55.0,101.0,61.0,160.0,35.0,20.0,138.0,118.0,138.0,56.0,18.0,62.0,46.0,112.0,216.0,112.0,18.0,252.0,54.0,163.0,139.0,158.0,39.0,312.0,96.0,176.0,61.0,269.0,39.0,39.0,179.0,233.0,60.0,138.0,177.0,79.0,35.0,36.0,60.0,78.0,80.0,93.0,193.0,292.0,137.0,162.0,154.0,63.0,197.0,16.0,314.0,119.0,123.0,179.0,94.0,291.0,84.0,143.0,43.0,41.0,236.0,58.0,201.0,67.0,136.0,331.0,37.0,274.0,137.0,212.0,42.0,158.0,196.0,24.0,436.0,77.0,117.0,238.0,64.0,251.0,118.0,116.0,176.0,86.0,69.0,119.0,1080.0
G_4,108.0,250.0,96.0,196.0,0.0,331.0,58.0,248.0,72.0,228.0,173.0,173.0,134.0,274.0,155.0,368.0,93.0,155.0,36.0,293.0,96.0,190.0,156.0,55.0,274.0,231.0,33.0,293.0,255.0,16.0,330.0,30.0,176.0,111.0,212.0,55.0,95.0,254.0,232.0,76.0,133.0,268.0,367.0,90.0,133.0,35.0,192.0,177.0,40.0,273.0,334.0,190.0,120.0,472.0,172.0,57.0,77.0,76.0,35.0,211.0,98.0,95.0,158.0,40.0,37.0,34.0,108.0,73.0,213.0,153.0,254.0,97.0,151.0,133.0,314.0,112.0,132.0,211.0,469.0,235.0,196.0,427.0,390.0,151.0,90.0,413.0,387.0,154.0,298.0,36.0,313.0,150.0,97.0,152.0,128.0,176.0,527.0,330.0,99.0,159.0,188.0,328.0,50.0,132.0,93.0,33.0,11.0,155.0,98.0,247.0,330.0,547.0,486.0,63.0,271.0,152.0,114.0,156.0,53.0,180.0,196.0,75.0,90.0,311.0,153.0,192.0,152.0,214.0,91.0,37.0,289.0,189.0,72.0,154.0,53.0,308.0,53.0,212.0,136.0,265.0,351.0,233.0,94.0,211.0,167.0,33.0,54.0,228.0,78.0,353.0,127.0,173.0,173.0,150.0,130.0,134.0,274.0,20.0,110.0,309.0,57.0,327.0,228.0,20.0,190.0,133.0,291.0,288.0,31.0,112.0,111.0,135.0,314.0,208.0,209.0,409.0,231.0,23.0,154.0,312.0,153.0,169.0,448.0,310.0,38.0,215.0,58.0,15.0,196.0,248.0,134.0,294.0,55.0,230.0,429.0,93.0,288.0,36.0,138.0,237.0,93.0,1260.0
G_5,227.0,95.0,252.0,154.0,331.0,0.0,371.0,568.0,387.0,105.0,172.0,171.0,450.0,80.0,190.0,56.0,250.0,190.0,349.0,57.0,249.0,507.0,190.0,371.0,76.0,116.0,311.0,58.0,97.0,330.0,18.0,310.0,174.0,229.0,136.0,369.0,408.0,95.0,115.0,273.0,209.0,76.0,56.0,251.0,214.0,312.0,508.0,173.0,311.0,76.0,24.0,151.0,235.0,158.0,486.0,290.0,389.0,267.0,312.0,131.0,252.0,252.0,195.0,313.0,311.0,311.0,234.0,270.0,134.0,195.0,98.0,253.0,194.0,206.0,39.0,232.0,446.0,133.0,157.0,114.0,153.0,114.0,82.0,191.0,249.0,99.0,77.0,192.0,610.0,312.0,40.0,194.0,248.0,190.0,208.0,177.0,213.0,17.0,256.0,201.0,506.0,16.0,289.0,446.0,251.0,350.0,328.0,194.0,255.0,96.0,18.0,236.0,171.0,293.0,76.0,188.0,236.0,192.0,292.0,181.0,159.0,272.0,251.0,37.0,187.0,153.0,192.0,127.0,253.0,354.0,54.0,151.0,388.0,192.0,291.0,41.0,289.0,130.0,449.0,70.0,35.0,115.0,409.0,135.0,171.0,308.0,366.0,114.0,272.0,37.0,209.0,175.0,177.0,194.0,215.0,213.0,71.0,330.0,427.0,33.0,292.0,10.0,118.0,332.0,152.0,448.0,55.0,59.0,311.0,228.0,426.0,213.0,43.0,132.0,131.0,98.0,119.0,331.0,193.0,37.0,468.0,171.0,130.0,39.0,350.0,139.0,290.0,325.0,156.0,570.0,208.0,58.0,369.0,113.0,114.0,247.0,58.0,309.0,215.0,118.0,249.0,940.0
G_6,148.0,292.0,135.0,232.0,58.0,371.0,0.0,215.0,33.0,269.0,210.0,216.0,98.0,311.0,193.0,411.0,131.0,193.0,36.0,328.0,137.0,150.0,191.0,19.0,316.0,271.0,74.0,331.0,289.0,57.0,369.0,77.0,215.0,151.0,257.0,18.0,56.0,291.0,272.0,113.0,173.0,314.0,411.0,132.0,172.0,78.0,153.0,216.0,75.0,309.0,368.0,230.0,156.0,507.0,132.0,93.0,36.0,115.0,80.0,247.0,138.0,134.0,192.0,82.0,73.0,76.0,156.0,114.0,247.0,196.0,292.0,136.0,195.0,171.0,347.0,152.0,97.0,250.0,510.0,269.0,235.0,468.0,429.0,191.0,132.0,448.0,429.0,195.0,252.0,76.0,354.0,195.0,137.0,192.0,172.0,211.0,567.0,367.0,136.0,195.0,153.0,371.0,96.0,96.0,133.0,38.0,57.0,189.0,137.0,290.0,367.0,588.0,524.0,103.0,312.0,192.0,155.0,191.0,101.0,214.0,231.0,114.0,137.0,350.0,196.0,230.0,200.0,254.0,134.0,42.0,332.0,231.0,35.0,191.0,97.0,352.0,96.0,251.0,101.0,311.0,390.0,273.0,57.0,251.0,207.0,76.0,17.0,271.0,117.0,393.0,174.0,211.0,215.0,194.0,171.0,172.0,315.0,56.0,74.0,348.0,96.0,366.0,272.0,65.0,231.0,97.0,335.0,328.0,76.0,152.0,75.0,175.0,345.0,254.0,257.0,449.0,271.0,59.0,188.0,351.0,114.0,211.0,488.0,353.0,32.0,254.0,89.0,56.0,231.0,220.0,172.0,327.0,18.0,272.0,469.0,133.0,325.0,80.0,174.0,276.0,134.0,1300.0
G_7,346.0,490.0,333.0,436.0,248.0,568.0,215.0,0.0,192.0,469.0,408.0,411.0,141.0,513.0,397.0,605.0,331.0,396.0,235.0,531.0,334.0,77.0,392.0,213.0,512.0,468.0,274.0,528.0,492.0,253.0,569.0,271.0,412.0,349.0,457.0,214.0,177.0,490.0,468.0,315.0,371.0,505.0,605.0,327.0,370.0,275.0,83.0,413.0,273.0,511.0,571.0,429.0,356.0,712.0,100.0,291.0,201.0,313.0,273.0,447.0,334.0,335.0,395.0,274.0,272.0,272.0,348.0,311.0,449.0,392.0,493.0,331.0,391.0,370.0,552.0,350.0,135.0,450.0,707.0,470.0,430.0,665.0,628.0,388.0,331.0,651.0,624.0,391.0,66.0,274.0,555.0,393.0,336.0,389.0,370.0,413.0,766.0,566.0,335.0,394.0,77.0,565.0,293.0,137.0,334.0,233.0,250.0,390.0,332.0,487.0,569.0,787.0,724.0,294.0,510.0,391.0,354.0,392.0,288.0,413.0,433.0,312.0,327.0,549.0,390.0,432.0,393.0,449.0,328.0,236.0,528.0,430.0,198.0,393.0,285.0,547.0,294.0,450.0,141.0,506.0,589.0,470.0,175.0,450.0,408.0,269.0,214.0,466.0,318.0,591.0,367.0,411.0,415.0,388.0,370.0,374.0,516.0,258.0,153.0,545.0,294.0,565.0,466.0,261.0,431.0,136.0,530.0,527.0,272.0,351.0,154.0,373.0,551.0,445.0,455.0,646.0,470.0,257.0,392.0,549.0,124.0,410.0,685.0,551.0,236.0,455.0,293.0,256.0,431.0,21.0,372.0,531.0,215.0,469.0,667.0,328.0,523.0,274.0,376.0,472.0,332.0,1500.0
G_8,166.0,309.0,155.0,253.0,72.0,387.0,33.0,192.0,0.0,286.0,229.0,231.0,76.0,328.0,211.0,426.0,149.0,213.0,56.0,346.0,155.0,129.0,209.0,38.0,330.0,288.0,91.0,348.0,313.0,74.0,389.0,91.0,232.0,172.0,275.0,30.0,35.0,308.0,288.0,134.0,187.0,326.0,426.0,151.0,189.0,94.0,127.0,233.0,87.0,329.0,390.0,246.0,178.0,527.0,111.0,114.0,14.0,133.0,92.0,264.0,153.0,152.0,214.0,102.0,91.0,93.0,173.0,130.0,267.0,210.0,312.0,151.0,212.0,185.0,370.0,169.0,73.0,269.0,526.0,290.0,249.0,484.0,448.0,206.0,149.0,468.0,444.0,211.0,236.0,95.0,373.0,211.0,149.0,209.0,189.0,233.0,583.0,383.0,152.0,218.0,133.0,387.0,110.0,74.0,149.0,54.0,70.0,210.0,154.0,306.0,389.0,606.0,544.0,116.0,330.0,209.0,171.0,210.0,113.0,233.0,252.0,134.0,149.0,367.0,210.0,251.0,215.0,272.0,149.0,57.0,347.0,248.0,15.0,210.0,111.0,370.0,113.0,266.0,77.0,325.0,409.0,290.0,36.0,271.0,227.0,88.0,33.0,285.0,136.0,410.0,189.0,230.0,229.0,208.0,194.0,191.0,333.0,73.0,53.0,368.0,116.0,383.0,287.0,84.0,250.0,71.0,348.0,348.0,92.0,172.0,52.0,194.0,368.0,270.0,274.0,466.0,288.0,76.0,205.0,368.0,97.0,228.0,504.0,368.0,56.0,271.0,111.0,72.0,255.0,196.0,189.0,349.0,37.0,288.0,487.0,150.0,343.0,97.0,192.0,292.0,150.0,1320.0
G_9,126.0,36.0,154.0,59.0,228.0,105.0,269.0,469.0,286.0,0.0,73.0,75.0,350.0,59.0,90.0,151.0,151.0,90.0,250.0,74.0,153.0,405.0,91.0,270.0,55.0,19.0,209.0,77.0,42.0,232.0,112.0,209.0,77.0,129.0,38.0,269.0,308.0,38.0,18.0,172.0,109.0,57.0,154.0,149.0,114.0,212.0,407.0,74.0,211.0,58.0,119.0,51.0,139.0,250.0,385.0,196.0,289.0,172.0,210.0,32.0,150.0,150.0,100.0,214.0,211.0,209.0,134.0,170.0,36.0,96.0,39.0,154.0,96.0,109.0,96.0,132.0,347.0,36.0,250.0,20.0,56.0,209.0,172.0,92.0,149.0,192.0,170.0,96.0,510.0,211.0,94.0,92.0,149.0,91.0,110.0,78.0,307.0,112.0,155.0,100.0,406.0,109.0,189.0,345.0,151.0,248.0,228.0,99.0,153.0,36.0,109.0,329.0,266.0,197.0,55.0,90.0,135.0,99.0,195.0,82.0,59.0,170.0,152.0,92.0,93.0,56.0,93.0,35.0,151.0,253.0,70.0,50.0,287.0,90.0,193.0,96.0,188.0,29.0,347.0,48.0,129.0,18.0,308.0,35.0,72.0,210.0,265.0,15.0,172.0,134.0,110.0,73.0,78.0,93.0,113.0,112.0,54.0,226.0,327.0,92.0,193.0,103.0,17.0,229.0,53.0,348.0,70.0,75.0,209.0,129.0,325.0,115.0,96.0,34.0,34.0,193.0,17.0,232.0,97.0,92.0,368.0,71.0,224.0,93.0,248.0,37.0,192.0,225.0,58.0,469.0,109.0,76.0,270.0,15.0,209.0,147.0,73.0,215.0,118.0,25.0,148.0,1040.0
G_10,73.0,98.0,100.0,44.0,173.0,172.0,210.0,408.0,229.0,73.0,0.0,18.0,293.0,125.0,41.0,211.0,91.0,43.0,192.0,134.0,93.0,348.0,33.0,212.0,118.0,77.0,152.0,135.0,92.0,176.0,170.0,152.0,21.0,71.0,63.0,211.0,251.0,94.0,74.0,118.0,58.0,111.0,211.0,92.0,57.0,153.0,347.0,16.0,151.0,111.0,175.0,38.0,75.0,318.0,329.0,128.0,233.0,116.0,152.0,52.0,94.0,96.0,39.0,156.0,155.0,156.0,76.0,116.0,48.0,37.0,101.0,95.0,43.0,53.0,154.0,69.0,287.0,57.0,311.0,74.0,40.0,265.0,232.0,36.0,92.0,257.0,228.0,37.0,448.0,152.0,161.0,39.0,95.0,39.0,53.0,8.0,366.0,172.0,101.0,47.0,349.0,174.0,133.0,289.0,95.0,193.0,170.0,37.0,91.0,96.0,172.0,387.0,325.0,142.0,113.0,38.0,80.0,38.0,131.0,24.0,45.0,117.0,95.0,152.0,40.0,41.0,42.0,52.0,96.0,194.0,133.0,37.0,231.0,41.0,137.0,158.0,135.0,54.0,289.0,112.0,193.0,74.0,247.0,59.0,11.0,151.0,209.0,75.0,120.0,188.0,54.0,20.0,20.0,37.0,52.0,56.0,120.0,172.0,269.0,149.0,140.0,170.0,79.0,176.0,40.0,289.0,137.0,130.0,151.0,71.0,270.0,59.0,152.0,55.0,59.0,246.0,82.0,171.0,34.0,158.0,308.0,14.0,287.0,159.0,196.0,62.0,131.0,171.0,36.0,412.0,51.0,133.0,213.0,75.0,268.0,92.0,133.0,159.0,55.0,79.0,91.0,1100.0
G_11,72.0,98.0,103.0,45.0,173.0,171.0,216.0,411.0,231.0,75.0,18.0,0.0,289.0,120.0,39.0,209.0,93.0,42.0,194.0,138.0,96.0,348.0,40.0,211.0,112.0,74.0,152.0,135.0,98.0,176.0,173.0,153.0,22.0,76.0,63.0,213.0,250.0,97.0,78.0,116.0,57.0,116.0,209.0,96.0,60.0,152.0,350.0,22.0,156.0,115.0,175.0,42.0,82.0,318.0,331.0,139.0,233.0,120.0,151.0,56.0,96.0,96.0,42.0,155.0,150.0,157.0,77.0,115.0,60.0,39.0,99.0,94.0,39.0,55.0,157.0,78.0,289.0,54.0,312.0,83.0,42.0,272.0,236.0,36.0,91.0,253.0,230.0,36.0,455.0,158.0,161.0,39.0,92.0,39.0,54.0,20.0,372.0,173.0,98.0,50.0,349.0,174.0,134.0,290.0,95.0,188.0,172.0,42.0,97.0,99.0,173.0,392.0,330.0,137.0,118.0,33.0,81.0,44.0,134.0,30.0,41.0,115.0,95.0,154.0,35.0,44.0,39.0,60.0,95.0,191.0,137.0,37.0,229.0,38.0,137.0,157.0,135.0,61.0,292.0,112.0,192.0,81.0,255.0,52.0,20.0,150.0,212.0,74.0,119.0,196.0,59.0,26.0,21.0,43.0,58.0,62.0,119.0,176.0,270.0,149.0,134.0,170.0,73.0,178.0,39.0,289.0,135.0,133.0,155.0,76.0,271.0,56.0,157.0,57.0,55.0,255.0,78.0,176.0,42.0,158.0,311.0,19.0,290.0,153.0,198.0,63.0,138.0,170.0,43.0,411.0,57.0,141.0,212.0,74.0,276.0,96.0,135.0,155.0,61.0,73.0,91.0,1100.0
G_12,228.0,373.0,215.0,315.0,134.0,450.0,98.0,141.0,76.0,350.0,293.0,289.0,0.0,389.0,270.0,489.0,209.0,273.0,118.0,409.0,219.0,73.0,274.0,95.0,393.0,350.0,151.0,410.0,372.0,134.0,449.0,154.0,294.0,235.0,335.0,95.0,54.0,372.0,352.0,190.0,253.0,393.0,491.0,214.0,252.0,157.0,76.0,296.0,154.0,392.0,450.0,311.0,235.0,590.0,59.0,179.0,78.0,199.0,157.0,327.0,218.0,211.0,277.0,156.0,152.0,152.0,235.0,194.0,333.0,272.0,374.0,212.0,272.0,249.0,436.0,233.0,20.0,330.0,588.0,355.0,312.0,547.0,506.0,270.0,212.0,528.0,504.0,275.0,177.0,158.0,433.0,271.0,213.0,273.0,252.0,298.0,644.0,447.0,216.0,274.0,80.0,450.0,173.0,14.0,206.0,116.0,136.0,275.0,218.0,368.0,448.0,669.0,605.0,179.0,392.0,271.0,231.0,274.0,170.0,297.0,309.0,197.0,212.0,433.0,274.0,312.0,274.0,336.0,214.0,119.0,409.0,309.0,73.0,271.0,174.0,430.0,172.0,333.0,20.0,387.0,470.0,352.0,56.0,332.0,294.0,153.0,98.0,348.0,198.0,473.0,252.0,296.0,289.0,274.0,255.0,251.0,393.0,138.0,38.0,427.0,168.0,447.0,349.0,143.0,311.0,23.0,411.0,408.0,153.0,234.0,38.0,253.0,432.0,335.0,334.0,530.0,349.0,138.0,273.0,433.0,40.0,291.0,566.0,429.0,119.0,334.0,176.0,133.0,319.0,133.0,249.0,412.0,97.0,350.0,550.0,212.0,410.0,156.0,254.0,353.0,210.0,1380.0
G_13,171.0,41.0,197.0,99.0,274.0,80.0,311.0,513.0,328.0,59.0,125.0,120.0,389.0,0.0,133.0,118.0,193.0,132.0,295.0,33.0,197.0,449.0,137.0,315.0,25.0,63.0,251.0,45.0,47.0,278.0,83.0,255.0,120.0,174.0,82.0,314.0,351.0,47.0,60.0,211.0,155.0,26.0,121.0,194.0,158.0,257.0,450.0,122.0,254.0,27.0,82.0,97.0,186.0,211.0,430.0,239.0,330.0,220.0,259.0,77.0,196.0,194.0,143.0,255.0,250.0,252.0,176.0,214.0,82.0,141.0,39.0,197.0,138.0,156.0,63.0,173.0,394.0,80.0,216.0,71.0,104.0,178.0,133.0,140.0,195.0,155.0,138.0,144.0,554.0,253.0,69.0,139.0,196.0,141.0,157.0,129.0,274.0,74.0,195.0,140.0,454.0,79.0,234.0,390.0,191.0,294.0,275.0,143.0,199.0,36.0,76.0,294.0,231.0,240.0,19.0,137.0,176.0,140.0,237.0,120.0,96.0,219.0,193.0,61.0,137.0,99.0,138.0,85.0,195.0,293.0,40.0,98.0,329.0,134.0,235.0,58.0,234.0,77.0,396.0,23.0,101.0,62.0,353.0,82.0,121.0,253.0,311.0,59.0,216.0,102.0,154.0,122.0,117.0,138.0,157.0,154.0,25.0,275.0,372.0,60.0,233.0,79.0,60.0,275.0,96.0,393.0,40.0,41.0,254.0,174.0,371.0,156.0,68.0,84.0,81.0,157.0,59.0,277.0,142.0,62.0,412.0,116.0,196.0,60.0,292.0,79.0,234.0,270.0,105.0,514.0,157.0,39.0,316.0,59.0,179.0,194.0,40.0,256.0,159.0,62.0,197.0,1000.0
G_14,54.0,123.0,79.0,62.0,155.0,190.0,193.0,397.0,211.0,90.0,41.0,39.0,270.0,133.0,0.0,234.0,73.0,15.0,179.0,148.0,82.0,328.0,16.0,194.0,137.0,99.0,131.0,158.0,120.0,158.0,192.0,134.0,46.0,56.0,77.0,193.0,232.0,115.0,99.0,95.0,34.0,135.0,232.0,76.0,41.0,137.0,328.0,39.0,134.0,139.0,198.0,59.0,67.0,330.0,309.0,121.0,213.0,100.0,137.0,75.0,78.0,75.0,24.0,139.0,132.0,136.0,62.0,94.0,78.0,24.0,119.0,81.0,18.0,33.0,182.0,56.0,274.0,79.0,334.0,100.0,61.0,294.0,249.0,19.0,76.0,269.0,252.0,22.0,435.0,136.0,180.0,14.0,77.0,21.0,38.0,46.0,386.0,191.0,78.0,22.0,333.0,191.0,115.0,273.0,73.0,175.0,157.0,23.0,80.0,116.0,190.0,410.0,349.0,122.0,130.0,20.0,53.0,25.0,120.0,47.0,59.0,99.0,76.0,174.0,22.0,59.0,19.0,78.0,79.0,176.0,156.0,54.0,207.0,17.0,120.0,174.0,112.0,69.0,276.0,133.0,212.0,100.0,231.0,78.0,39.0,133.0,195.0,93.0,99.0,214.0,36.0,39.0,38.0,17.0,40.0,36.0,137.0,152.0,252.0,170.0,116.0,188.0,95.0,158.0,58.0,276.0,150.0,149.0,136.0,53.0,251.0,39.0,174.0,74.0,80.0,275.0,94.0,159.0,26.0,175.0,290.0,37.0,309.0,174.0,173.0,76.0,115.0,153.0,64.0,394.0,36.0,158.0,195.0,95.0,291.0,74.0,154.0,138.0,41.0,105.0,74.0,1120.0
G_15,264.0,135.0,290.0,192.0,368.0,56.0,411.0,605.0,426.0,151.0,211.0,209.0,489.0,118.0,234.0,0.0,291.0,236.0,388.0,97.0,294.0,544.0,233.0,409.0,113.0,153.0,348.0,99.0,142.0,369.0,57.0,344.0,214.0,272.0,178.0,406.0,448.0,140.0,154.0,310.0,253.0,113.0,25.0,286.0,252.0,348.0,547.0,212.0,349.0,120.0,63.0,192.0,273.0,117.0,525.0,333.0,430.0,316.0,345.0,173.0,293.0,289.0,241.0,355.0,347.0,350.0,271.0,305.0,171.0,233.0,136.0,287.0,231.0,249.0,78.0,266.0,484.0,168.0,113.0,158.0,197.0,80.0,35.0,228.0,286.0,59.0,29.0,229.0,650.0,350.0,80.0,231.0,290.0,229.0,247.0,213.0,173.0,53.0,291.0,235.0,543.0,52.0,328.0,487.0,288.0,387.0,369.0,237.0,289.0,133.0,60.0,191.0,133.0,331.0,117.0,228.0,270.0,241.0,328.0,214.0,195.0,308.0,291.0,77.0,229.0,195.0,236.0,180.0,289.0,391.0,89.0,187.0,425.0,227.0,331.0,79.0,328.0,172.0,485.0,115.0,36.0,155.0,445.0,171.0,211.0,347.0,408.0,152.0,313.0,34.0,252.0,208.0,212.0,230.0,253.0,253.0,113.0,368.0,462.0,73.0,329.0,54.0,155.0,369.0,193.0,484.0,97.0,99.0,348.0,265.0,464.0,253.0,81.0,171.0,175.0,56.0,155.0,373.0,238.0,78.0,507.0,211.0,92.0,77.0,390.0,178.0,330.0,369.0,195.0,608.0,249.0,98.0,407.0,150.0,74.0,289.0,96.0,350.0,257.0,157.0,287.0,900.0
G_16,33.0,175.0,25.0,123.0,93.0,250.0,131.0,331.0,149.0,151.0,91.0,93.0,209.0,193.0,73.0,291.0,0.0,78.0,114.0,205.0,21.0,267.0,74.0,137.0,195.0,150.0,74.0,212.0,173.0,95.0,250.0,74.0,99.0,32.0,142.0,131.0,172.0,166.0,152.0,40.0,57.0,192.0,286.0,17.0,52.0,77.0,266.0,92.0,68.0,192.0,250.0,115.0,42.0,394.0,250.0,57.0,154.0,38.0,75.0,126.0,16.0,17.0,75.0,81.0,76.0,75.0,39.0,34.0,133.0,76.0,175.0,18.0,80.0,50.0,237.0,37.0,210.0,135.0,392.0,153.0,109.0,348.0,311.0,69.0,17.0,332.0,308.0,73.0,372.0,75.0,239.0,77.0,17.0,75.0,54.0,98.0,443.0,247.0,15.0,83.0,270.0,250.0,56.0,209.0,13.0,112.0,93.0,74.0,17.0,174.0,246.0,466.0,402.0,62.0,188.0,76.0,37.0,74.0,58.0,104.0,119.0,38.0,20.0,227.0,76.0,120.0,83.0,135.0,17.0,117.0,213.0,114.0,150.0,76.0,53.0,233.0,56.0,132.0,215.0,187.0,271.0,152.0,173.0,134.0,96.0,68.0,130.0,150.0,42.0,269.0,54.0,101.0,99.0,75.0,56.0,57.0,197.0,98.0,190.0,228.0,58.0,247.0,152.0,102.0,119.0,213.0,212.0,207.0,73.0,39.0,190.0,58.0,232.0,132.0,139.0,328.0,158.0,93.0,74.0,235.0,230.0,93.0,366.0,237.0,116.0,139.0,53.0,95.0,120.0,333.0,52.0,215.0,135.0,151.0,349.0,17.0,211.0,78.0,54.0,150.0,16.0,1180.0
G_17,55.0,116.0,79.0,55.0,155.0,190.0,193.0,396.0,213.0,90.0,43.0,42.0,273.0,132.0,15.0,236.0,78.0,0.0,177.0,150.0,78.0,326.0,16.0,199.0,138.0,102.0,132.0,160.0,118.0,157.0,192.0,139.0,40.0,58.0,76.0,196.0,234.0,120.0,99.0,95.0,38.0,137.0,231.0,75.0,39.0,140.0,331.0,42.0,138.0,141.0,200.0,51.0,65.0,327.0,312.0,123.0,212.0,105.0,139.0,76.0,78.0,77.0,26.0,136.0,138.0,132.0,57.0,97.0,78.0,21.0,119.0,83.0,25.0,38.0,176.0,56.0,275.0,80.0,333.0,106.0,66.0,294.0,253.0,22.0,78.0,271.0,253.0,27.0,434.0,136.0,174.0,19.0,77.0,25.0,36.0,47.0,387.0,189.0,81.0,19.0,335.0,193.0,115.0,271.0,79.0,176.0,159.0,23.0,81.0,117.0,191.0,410.0,349.0,124.0,131.0,20.0,61.0,27.0,122.0,40.0,57.0,100.0,81.0,172.0,19.0,55.0,22.0,77.0,77.0,177.0,156.0,55.0,212.0,17.0,120.0,173.0,117.0,72.0,276.0,129.0,213.0,97.0,230.0,77.0,39.0,138.0,193.0,97.0,101.0,218.0,38.0,42.0,35.0,22.0,38.0,37.0,137.0,152.0,255.0,173.0,121.0,191.0,99.0,153.0,58.0,277.0,152.0,157.0,138.0,56.0,253.0,42.0,178.0,77.0,76.0,274.0,97.0,162.0,27.0,175.0,292.0,37.0,309.0,177.0,175.0,78.0,118.0,152.0,61.0,394.0,38.0,157.0,198.0,96.0,293.0,73.0,157.0,137.0,44.0,104.0,77.0,1120.0
G_18,128.0,274.0,113.0,213.0,36.0,349.0,36.0,235.0,56.0,250.0,192.0,194.0,118.0,295.0,179.0,388.0,114.0,177.0,0.0,312.0,109.0,175.0,176.0,39.0,291.0,251.0,53.0,312.0,274.0,38.0,353.0,54.0,190.0,130.0,237.0,36.0,71.0,271.0,252.0,93.0,156.0,291.0,392.0,110.0,156.0,56.0,174.0,201.0,56.0,290.0,352.0,211.0,140.0,490.0,150.0,76.0,56.0,99.0,53.0,230.0,114.0,114.0,175.0,62.0,55.0,55.0,132.0,93.0,233.0,174.0,272.0,115.0,167.0,154.0,331.0,132.0,113.0,226.0,488.0,255.0,211.0,449.0,407.0,172.0,108.0,429.0,407.0,175.0,276.0,53.0,333.0,172.0,116.0,172.0,149.0,195.0,549.0,348.0,114.0,178.0,167.0,346.0,74.0,112.0,113.0,16.0,36.0,174.0,115.0,268.0,352.0,565.0,507.0,75.0,295.0,170.0,136.0,178.0,79.0,193.0,214.0,88.0,115.0,325.0,170.0,210.0,176.0,235.0,114.0,18.0,309.0,212.0,55.0,171.0,78.0,332.0,73.0,229.0,118.0,288.0,370.0,254.0,77.0,230.0,192.0,53.0,31.0,249.0,96.0,369.0,152.0,189.0,196.0,173.0,147.0,152.0,293.0,38.0,94.0,327.0,73.0,346.0,251.0,46.0,207.0,115.0,314.0,309.0,55.0,134.0,93.0,152.0,333.0,234.0,231.0,432.0,249.0,42.0,175.0,330.0,128.0,189.0,468.0,330.0,13.0,232.0,77.0,36.0,212.0,236.0,154.0,312.0,32.0,252.0,449.0,116.0,306.0,59.0,158.0,254.0,113.0,1280.0
G_19,188.0,62.0,214.0,119.0,293.0,57.0,328.0,531.0,346.0,74.0,134.0,138.0,409.0,33.0,148.0,97.0,205.0,150.0,312.0,0.0,216.0,466.0,146.0,334.0,37.0,79.0,269.0,25.0,61.0,292.0,57.0,271.0,137.0,191.0,96.0,330.0,371.0,56.0,75.0,230.0,173.0,40.0,97.0,211.0,172.0,274.0,464.0,134.0,267.0,42.0,63.0,113.0,199.0,193.0,447.0,252.0,348.0,235.0,275.0,91.0,210.0,207.0,157.0,275.0,270.0,269.0,196.0,231.0,94.0,154.0,58.0,213.0,154.0,168.0,44.0,187.0,411.0,97.0,194.0,82.0,117.0,155.0,116.0,154.0,211.0,132.0,114.0,158.0,569.0,268.0,50.0,157.0,214.0,154.0,171.0,141.0,250.0,53.0,210.0,157.0,471.0,52.0,251.0,409.0,207.0,313.0,292.0,155.0,212.0,54.0,53.0,273.0,208.0,258.0,31.0,154.0,194.0,157.0,256.0,140.0,119.0,235.0,214.0,36.0,157.0,116.0,156.0,96.0,215.0,313.0,19.0,113.0,347.0,152.0,252.0,36.0,251.0,89.0,413.0,36.0,75.0,74.0,368.0,94.0,133.0,268.0,328.0,70.0,235.0,75.0,172.0,139.0,135.0,156.0,172.0,169.0,42.0,292.0,388.0,35.0,252.0,54.0,76.0,294.0,114.0,410.0,17.0,16.0,270.0,191.0,388.0,176.0,43.0,97.0,98.0,136.0,75.0,288.0,156.0,41.0,426.0,133.0,170.0,40.0,310.0,97.0,247.0,291.0,121.0,528.0,172.0,17.0,332.0,74.0,158.0,209.0,21.0,272.0,170.0,81.0,213.0,980.0
G_20,37.0,174.0,21.0,117.0,96.0,249.0,137.0,334.0,155.0,153.0,93.0,96.0,219.0,197.0,82.0,294.0,21.0,78.0,109.0,216.0,0.0,275.0,77.0,135.0,196.0,159.0,77.0,213.0,174.0,100.0,258.0,76.0,94.0,33.0,139.0,136.0,175.0,178.0,154.0,42.0,61.0,191.0,292.0,15.0,62.0,72.0,273.0,101.0,81.0,194.0,253.0,116.0,48.0,393.0,255.0,55.0,153.0,45.0,78.0,135.0,20.0,22.0,81.0,76.0,78.0,81.0,32.0,38.0,138.0,79.0,178.0,23.0,78.0,60.0,230.0,34.0,211.0,132.0,393.0,164.0,124.0,353.0,314.0,79.0,12.0,336.0,312.0,78.0,378.0,79.0,238.0,79.0,22.0,81.0,53.0,96.0,453.0,252.0,27.0,85.0,268.0,253.0,57.0,213.0,22.0,115.0,91.0,84.0,21.0,174.0,254.0,469.0,409.0,64.0,195.0,75.0,42.0,81.0,63.0,99.0,123.0,38.0,16.0,230.0,72.0,115.0,80.0,134.0,19.0,122.0,214.0,117.0,158.0,78.0,63.0,234.0,61.0,134.0,217.0,192.0,276.0,157.0,177.0,133.0,95.0,74.0,131.0,155.0,45.0,274.0,54.0,99.0,99.0,81.0,51.0,60.0,194.0,99.0,197.0,231.0,63.0,250.0,156.0,100.0,113.0,215.0,216.0,213.0,76.0,34.0,196.0,56.0,238.0,137.0,131.0,336.0,158.0,101.0,81.0,236.0,233.0,92.0,372.0,236.0,117.0,139.0,64.0,94.0,116.0,335.0,57.0,215.0,138.0,153.0,350.0,17.0,211.0,77.0,64.0,158.0,22.0,1180.0
G_21,283.0,428.0,273.0,368.0,190.0,507.0,150.0,77.0,129.0,405.0,348.0,348.0,73.0,449.0,328.0,544.0,267.0,326.0,175.0,466.0,275.0,0.0,328.0,152.0,450.0,406.0,208.0,468.0,431.0,189.0,507.0,213.0,351.0,291.0,391.0,150.0,115.0,426.0,407.0,251.0,311.0,448.0,546.0,268.0,305.0,214.0,15.0,351.0,211.0,449.0,511.0,368.0,290.0,645.0,36.0,234.0,132.0,256.0,212.0,386.0,273.0,269.0,333.0,215.0,207.0,212.0,289.0,251.0,385.0,331.0,430.0,268.0,331.0,306.0,490.0,288.0,77.0,386.0,645.0,410.0,368.0,605.0,565.0,327.0,270.0,586.0,563.0,330.0,119.0,214.0,489.0,328.0,272.0,330.0,306.0,353.0,700.0,503.0,271.0,324.0,16.0,506.0,229.0,76.0,269.0,171.0,192.0,329.0,274.0,427.0,506.0,725.0,663.0,238.0,447.0,326.0,292.0,331.0,232.0,348.0,370.0,254.0,270.0,486.0,332.0,370.0,333.0,391.0,270.0,172.0,466.0,364.0,131.0,328.0,229.0,487.0,231.0,384.0,78.0,441.0,528.0,407.0,109.0,388.0,345.0,209.0,152.0,405.0,252.0,530.0,312.0,350.0,346.0,328.0,312.0,307.0,452.0,190.0,93.0,486.0,233.0,504.0,407.0,196.0,368.0,75.0,468.0,468.0,215.0,289.0,92.0,313.0,486.0,389.0,393.0,587.0,408.0,195.0,327.0,488.0,55.0,346.0,622.0,488.0,173.0,391.0,229.0,193.0,372.0,78.0,307.0,469.0,154.0,409.0,605.0,268.0,464.0,212.0,310.0,410.0,268.0,1440.0
G_22,54.0,115.0,77.0,61.0,156.0,190.0,191.0,392.0,209.0,91.0,33.0,40.0,274.0,137.0,16.0,233.0,74.0,16.0,176.0,146.0,77.0,328.0,0.0,194.0,136.0,98.0,135.0,156.0,113.0,160.0,192.0,136.0,37.0,55.0,83.0,192.0,234.0,114.0,91.0,99.0,37.0,135.0,230.0,73.0,42.0,135.0,324.0,37.0,132.0,135.0,196.0,50.0,60.0,329.0,313.0,112.0,212.0,99.0,135.0,75.0,72.0,74.0,18.0,133.0,135.0,137.0,57.0,95.0,71.0,18.0,117.0,76.0,24.0,32.0,174.0,52.0,270.0,76.0,332.0,100.0,64.0,291.0,254.0,20.0,72.0,269.0,250.0,22.0,427.0,137.0,178.0,26.0,77.0,21.0,35.0,40.0,384.0,188.0,82.0,21.0,332.0,189.0,114.0,271.0,77.0,174.0,154.0,18.0,75.0,113.0,192.0,411.0,348.0,126.0,131.0,18.0,61.0,19.0,118.0,40.0,58.0,99.0,76.0,172.0,18.0,56.0,21.0,73.0,77.0,176.0,154.0,55.0,213.0,19.0,120.0,172.0,117.0,70.0,275.0,130.0,207.0,92.0,232.0,76.0,37.0,131.0,189.0,95.0,104.0,214.0,36.0,41.0,37.0,23.0,36.0,35.0,139.0,154.0,253.0,170.0,121.0,188.0,99.0,156.0,60.0,273.0,154.0,154.0,133.0,55.0,253.0,40.0,172.0,76.0,80.0,269.0,98.0,153.0,18.0,174.0,289.0,39.0,303.0,177.0,178.0,78.0,114.0,152.0,56.0,393.0,36.0,153.0,198.0,96.0,289.0,69.0,153.0,138.0,35.0,101.0,73.0,1120.0
G_23,150.0,294.0,138.0,235.0,55.0,371.0,19.0,213.0,38.0,270.0,212.0,211.0,95.0,315.0,194.0,409.0,137.0,199.0,39.0,334.0,135.0,152.0,194.0,0.0,314.0,275.0,75.0,328.0,290.0,58.0,371.0,77.0,212.0,152.0,258.0,19.0,56.0,295.0,271.0,112.0,172.0,309.0,409.0,134.0,177.0,72.0,155.0,218.0,78.0,314.0,369.0,229.0,158.0,510.0,137.0,96.0,38.0,124.0,78.0,250.0,133.0,135.0,202.0,73.0,70.0,78.0,154.0,117.0,254.0,193.0,292.0,132.0,192.0,171.0,354.0,151.0,92.0,249.0,509.0,279.0,241.0,470.0,427.0,195.0,128.0,448.0,428.0,197.0,257.0,80.0,357.0,192.0,136.0,195.0,174.0,214.0,570.0,369.0,143.0,198.0,154.0,370.0,94.0,95.0,134.0,39.0,60.0,199.0,136.0,292.0,369.0,587.0,527.0,106.0,314.0,189.0,155.0,198.0,91.0,212.0,231.0,114.0,131.0,353.0,195.0,227.0,196.0,254.0,136.0,43.0,331.0,230.0,36.0,195.0,98.0,348.0,95.0,253.0,95.0,310.0,389.0,275.0,60.0,249.0,212.0,78.0,21.0,269.0,122.0,393.0,174.0,211.0,211.0,194.0,173.0,177.0,317.0,58.0,73.0,345.0,96.0,364.0,268.0,68.0,229.0,97.0,333.0,331.0,75.0,153.0,78.0,176.0,354.0,253.0,254.0,452.0,271.0,66.0,193.0,353.0,117.0,214.0,489.0,349.0,39.0,256.0,102.0,58.0,238.0,216.0,171.0,334.0,22.0,274.0,470.0,130.0,327.0,77.0,176.0,276.0,133.0,1300.0
G_24,170.0,42.0,196.0,105.0,274.0,76.0,316.0,512.0,330.0,55.0,118.0,112.0,393.0,25.0,137.0,113.0,195.0,138.0,291.0,37.0,196.0,450.0,136.0,314.0,0.0,58.0,252.0,38.0,47.0,276.0,78.0,250.0,117.0,176.0,82.0,311.0,351.0,42.0,56.0,213.0,157.0,23.0,119.0,194.0,159.0,251.0,451.0,122.0,256.0,16.0,82.0,99.0,178.0,214.0,431.0,237.0,333.0,220.0,253.0,78.0,192.0,193.0,143.0,258.0,252.0,253.0,176.0,213.0,82.0,135.0,44.0,194.0,136.0,152.0,62.0,177.0,390.0,77.0,212.0,66.0,103.0,178.0,138.0,135.0,191.0,157.0,133.0,137.0,554.0,255.0,69.0,139.0,193.0,134.0,153.0,121.0,276.0,75.0,196.0,144.0,449.0,74.0,234.0,389.0,194.0,291.0,272.0,140.0,196.0,41.0,77.0,294.0,231.0,238.0,25.0,131.0,180.0,145.0,236.0,128.0,101.0,215.0,195.0,56.0,137.0,100.0,138.0,78.0,197.0,295.0,41.0,94.0,332.0,135.0,237.0,63.0,233.0,77.0,392.0,17.0,96.0,62.0,354.0,75.0,118.0,250.0,310.0,51.0,219.0,99.0,156.0,121.0,123.0,140.0,156.0,157.0,26.0,271.0,371.0,56.0,235.0,72.0,58.0,278.0,95.0,389.0,41.0,38.0,254.0,176.0,369.0,157.0,59.0,79.0,78.0,157.0,56.0,271.0,141.0,58.0,410.0,115.0,191.0,55.0,293.0,80.0,236.0,273.0,101.0,507.0,156.0,40.0,310.0,59.0,178.0,192.0,39.0,255.0,159.0,58.0,191.0,1000.0
G_25,129.0,39.0,158.0,65.0,231.0,116.0,271.0,468.0,288.0,19.0,77.0,74.0,350.0,63.0,99.0,153.0,150.0,102.0,251.0,79.0,159.0,406.0,98.0,275.0,58.0,0.0,211.0,81.0,42.0,232.0,112.0,210.0,81.0,135.0,44.0,270.0,312.0,40.0,19.0,176.0,117.0,62.0,160.0,154.0,117.0,212.0,406.0,79.0,212.0,53.0,121.0,63.0,136.0,258.0,388.0,194.0,292.0,174.0,209.0,34.0,159.0,157.0,95.0,216.0,210.0,212.0,135.0,170.0,39.0,101.0,41.0,157.0,99.0,113.0,99.0,139.0,348.0,37.0,252.0,20.0,58.0,214.0,177.0,94.0,153.0,196.0,172.0,92.0,510.0,213.0,101.0,98.0,151.0,90.0,111.0,79.0,307.0,116.0,155.0,103.0,407.0,119.0,194.0,349.0,150.0,252.0,230.0,95.0,155.0,36.0,116.0,333.0,268.0,198.0,63.0,96.0,135.0,99.0,194.0,90.0,67.0,176.0,156.0,97.0,97.0,69.0,97.0,42.0,151.0,250.0,76.0,55.0,291.0,96.0,191.0,106.0,191.0,41.0,352.0,57.0,139.0,24.0,312.0,36.0,77.0,207.0,269.0,16.0,176.0,135.0,112.0,81.0,87.0,95.0,119.0,114.0,58.0,231.0,329.0,95.0,191.0,114.0,16.0,239.0,61.0,350.0,73.0,74.0,211.0,137.0,328.0,112.0,95.0,37.0,43.0,190.0,24.0,234.0,100.0,95.0,369.0,76.0,227.0,97.0,252.0,40.0,192.0,232.0,61.0,472.0,115.0,74.0,268.0,16.0,213.0,156.0,72.0,216.0,119.0,21.0,149.0,1040.0
G_26,87.0,234.0,75.0,173.0,33.0,311.0,74.0,274.0,91.0,209.0,152.0,152.0,151.0,251.0,131.0,348.0,74.0,132.0,53.0,269.0,77.0,208.0,135.0,75.0,252.0,211.0,0.0,271.0,235.0,39.0,307.0,12.0,156.0,92.0,194.0,71.0,109.0,230.0,211.0,53.0,111.0,249.0,350.0,71.0,111.0,17.0,210.0,157.0,18.0,253.0,314.0,173.0,100.0,446.0,190.0,39.0,92.0,59.0,15.0,188.0,81.0,73.0,136.0,21.0,16.0,11.0,95.0,53.0,193.0,136.0,233.0,79.0,130.0,111.0,292.0,95.0,152.0,192.0,447.0,214.0,175.0,408.0,365.0,128.0,74.0,386.0,366.0,136.0,313.0,13.0,294.0,128.0,74.0,129.0,112.0,155.0,505.0,306.0,78.0,137.0,209.0,307.0,32.0,154.0,69.0,52.0,34.0,131.0,78.0,227.0,307.0,527.0,465.0,43.0,253.0,134.0,88.0,136.0,38.0,162.0,170.0,56.0,73.0,290.0,135.0,173.0,133.0,194.0,72.0,57.0,268.0,168.0,85.0,132.0,38.0,291.0,38.0,191.0,156.0,248.0,330.0,214.0,111.0,191.0,150.0,15.0,71.0,206.0,57.0,331.0,111.0,153.0,153.0,130.0,113.0,113.0,256.0,34.0,132.0,287.0,34.0,307.0,206.0,42.0,170.0,154.0,273.0,267.0,15.0,94.0,128.0,116.0,289.0,191.0,194.0,390.0,205.0,41.0,134.0,288.0,171.0,149.0,426.0,286.0,55.0,191.0,36.0,34.0,175.0,271.0,110.0,271.0,72.0,210.0,407.0,76.0,268.0,18.0,118.0,216.0,70.0,1240.0
G_27,190.0,58.0,213.0,118.0,293.0,58.0,331.0,528.0,348.0,77.0,135.0,135.0,410.0,45.0,158.0,99.0,212.0,160.0,312.0,25.0,213.0,468.0,156.0,328.0,38.0,81.0,271.0,0.0,59.0,293.0,60.0,271.0,134.0,192.0,103.0,329.0,368.0,66.0,72.0,232.0,174.0,38.0,103.0,211.0,175.0,268.0,468.0,134.0,271.0,42.0,57.0,115.0,198.0,201.0,449.0,252.0,349.0,237.0,274.0,96.0,211.0,215.0,160.0,272.0,270.0,272.0,195.0,236.0,96.0,156.0,57.0,214.0,160.0,175.0,41.0,193.0,408.0,93.0,197.0,84.0,122.0,159.0,117.0,156.0,209.0,137.0,114.0,154.0,571.0,276.0,43.0,157.0,218.0,152.0,173.0,138.0,253.0,55.0,221.0,159.0,468.0,62.0,252.0,409.0,214.0,313.0,289.0,160.0,212.0,58.0,58.0,274.0,208.0,264.0,42.0,152.0,197.0,158.0,253.0,141.0,114.0,232.0,209.0,38.0,157.0,115.0,157.0,99.0,217.0,316.0,21.0,115.0,349.0,155.0,256.0,44.0,255.0,101.0,411.0,35.0,76.0,81.0,372.0,97.0,138.0,269.0,328.0,75.0,238.0,81.0,175.0,138.0,137.0,161.0,173.0,180.0,45.0,292.0,388.0,36.0,257.0,53.0,79.0,297.0,115.0,411.0,27.0,20.0,272.0,193.0,391.0,179.0,46.0,101.0,101.0,138.0,79.0,298.0,157.0,36.0,427.0,136.0,172.0,39.0,313.0,101.0,255.0,292.0,117.0,530.0,176.0,21.0,335.0,80.0,152.0,211.0,20.0,276.0,179.0,84.0,213.0,980.0
G_28,155.0,19.0,180.0,81.0,255.0,97.0,289.0,492.0,313.0,42.0,92.0,98.0,372.0,47.0,120.0,142.0,173.0,118.0,274.0,61.0,174.0,431.0,113.0,290.0,47.0,42.0,235.0,59.0,0.0,256.0,95.0,232.0,97.0,153.0,66.0,292.0,332.0,25.0,41.0,196.0,139.0,42.0,131.0,174.0,137.0,231.0,431.0,96.0,235.0,36.0,97.0,79.0,159.0,242.0,413.0,210.0,313.0,192.0,235.0,56.0,176.0,177.0,112.0,229.0,236.0,234.0,156.0,195.0,56.0,118.0,22.0,176.0,123.0,135.0,77.0,153.0,370.0,56.0,239.0,42.0,83.0,191.0,162.0,119.0,172.0,177.0,159.0,120.0,527.0,235.0,84.0,126.0,177.0,117.0,138.0,92.0,293.0,95.0,180.0,126.0,434.0,102.0,215.0,369.0,178.0,272.0,253.0,114.0,176.0,25.0,97.0,312.0,252.0,222.0,38.0,116.0,161.0,112.0,217.0,104.0,79.0,195.0,176.0,80.0,117.0,79.0,120.0,51.0,175.0,276.0,62.0,76.0,314.0,115.0,220.0,82.0,216.0,60.0,375.0,39.0,110.0,43.0,335.0,59.0,94.0,236.0,291.0,42.0,200.0,120.0,136.0,101.0,103.0,124.0,134.0,137.0,47.0,257.0,352.0,77.0,220.0,95.0,45.0,256.0,79.0,372.0,64.0,58.0,230.0,155.0,353.0,134.0,76.0,61.0,60.0,174.0,44.0,251.0,113.0,82.0,391.0,99.0,212.0,85.0,274.0,62.0,210.0,251.0,77.0,492.0,133.0,58.0,295.0,40.0,195.0,170.0,61.0,238.0,135.0,45.0,176.0,1020.0
G_29,113.0,252.0,102.0,196.0,16.0,330.0,57.0,253.0,74.0,232.0,176.0,176.0,134.0,278.0,158.0,369.0,95.0,157.0,38.0,292.0,100.0,189.0,160.0,58.0,276.0,232.0,39.0,293.0,256.0,0.0,334.0,40.0,177.0,117.0,221.0,55.0,99.0,254.0,233.0,80.0,136.0,274.0,374.0,96.0,130.0,39.0,189.0,175.0,38.0,274.0,336.0,194.0,117.0,475.0,172.0,62.0,77.0,79.0,40.0,208.0,101.0,101.0,156.0,44.0,34.0,36.0,111.0,75.0,213.0,154.0,257.0,99.0,155.0,133.0,316.0,117.0,136.0,212.0,472.0,234.0,194.0,429.0,392.0,152.0,96.0,414.0,389.0,154.0,301.0,39.0,317.0,155.0,101.0,151.0,133.0,179.0,524.0,329.0,99.0,158.0,191.0,334.0,53.0,135.0,99.0,38.0,18.0,157.0,101.0,256.0,333.0,548.0,489.0,63.0,274.0,156.0,116.0,156.0,55.0,181.0,199.0,79.0,98.0,309.0,157.0,200.0,163.0,218.0,96.0,42.0,291.0,194.0,78.0,158.0,55.0,313.0,61.0,213.0,136.0,266.0,353.0,234.0,92.0,211.0,170.0,36.0,57.0,232.0,80.0,352.0,139.0,179.0,175.0,153.0,135.0,141.0,274.0,20.0,113.0,311.0,59.0,328.0,232.0,31.0,198.0,133.0,295.0,292.0,40.0,116.0,116.0,136.0,315.0,217.0,213.0,413.0,236.0,23.0,154.0,312.0,155.0,172.0,449.0,316.0,37.0,219.0,56.0,25.0,198.0,255.0,132.0,296.0,60.0,233.0,427.0,98.0,291.0,37.0,136.0,239.0,99.0,1260.0
G_30,228.0,96.0,254.0,158.0,330.0,18.0,369.0,569.0,389.0,112.0,170.0,173.0,449.0,83.0,192.0,57.0,250.0,192.0,353.0,57.0,258.0,507.0,192.0,371.0,78.0,112.0,307.0,60.0,95.0,334.0,0.0,307.0,178.0,233.0,139.0,369.0,407.0,97.0,117.0,271.0,211.0,81.0,59.0,251.0,215.0,313.0,510.0,175.0,312.0,76.0,21.0,152.0,235.0,163.0,489.0,291.0,393.0,273.0,311.0,135.0,254.0,254.0,196.0,313.0,312.0,312.0,235.0,273.0,133.0,194.0,98.0,252.0,198.0,210.0,39.0,232.0,449.0,134.0,160.0,117.0,158.0,116.0,81.0,194.0,252.0,96.0,79.0,194.0,607.0,312.0,42.0,192.0,253.0,191.0,210.0,172.0,214.0,20.0,257.0,202.0,509.0,21.0,291.0,449.0,248.0,352.0,332.0,192.0,253.0,98.0,15.0,234.0,170.0,300.0,80.0,195.0,231.0,197.0,291.0,186.0,156.0,274.0,252.0,41.0,197.0,160.0,197.0,132.0,253.0,355.0,58.0,148.0,387.0,193.0,293.0,46.0,292.0,134.0,452.0,72.0,38.0,116.0,409.0,137.0,170.0,311.0,371.0,113.0,279.0,37.0,213.0,178.0,176.0,199.0,212.0,215.0,80.0,333.0,426.0,33.0,291.0,15.0,117.0,335.0,156.0,451.0,59.0,57.0,309.0,232.0,428.0,219.0,38.0,134.0,139.0,92.0,117.0,331.0,195.0,42.0,470.0,171.0,133.0,39.0,353.0,140.0,289.0,332.0,158.0,571.0,213.0,56.0,370.0,111.0,119.0,250.0,60.0,317.0,212.0,121.0,250.0,940.0
G_31,88.0,234.0,76.0,178.0,30.0,310.0,77.0,271.0,91.0,209.0,152.0,153.0,154.0,255.0,134.0,344.0,74.0,139.0,54.0,271.0,76.0,213.0,136.0,77.0,250.0,210.0,12.0,271.0,232.0,40.0,307.0,0.0,156.0,91.0,194.0,69.0,112.0,232.0,211.0,58.0,115.0,249.0,349.0,71.0,115.0,14.0,211.0,156.0,18.0,249.0,313.0,174.0,101.0,451.0,189.0,37.0,95.0,58.0,13.0,190.0,79.0,76.0,137.0,23.0,17.0,14.0,94.0,51.0,193.0,137.0,232.0,75.0,131.0,110.0,292.0,94.0,151.0,188.0,447.0,213.0,173.0,409.0,368.0,130.0,71.0,388.0,366.0,133.0,315.0,17.0,294.0,131.0,73.0,128.0,112.0,150.0,507.0,306.0,77.0,140.0,208.0,307.0,33.0,151.0,70.0,54.0,31.0,133.0,75.0,227.0,311.0,525.0,464.0,40.0,251.0,133.0,91.0,137.0,36.0,164.0,175.0,56.0,74.0,290.0,132.0,174.0,134.0,194.0,75.0,56.0,268.0,168.0,91.0,131.0,36.0,290.0,34.0,192.0,158.0,249.0,328.0,214.0,113.0,193.0,149.0,14.0,71.0,207.0,58.0,327.0,107.0,153.0,159.0,131.0,111.0,113.0,254.0,36.0,128.0,287.0,37.0,304.0,210.0,44.0,170.0,149.0,272.0,265.0,10.0,92.0,127.0,113.0,290.0,190.0,191.0,388.0,208.0,38.0,137.0,289.0,173.0,149.0,426.0,288.0,53.0,193.0,37.0,37.0,176.0,267.0,114.0,271.0,70.0,205.0,405.0,76.0,268.0,19.0,118.0,217.0,71.0,1240.0
G_32,76.0,98.0,95.0,40.0,176.0,174.0,215.0,412.0,232.0,77.0,21.0,22.0,294.0,120.0,46.0,214.0,99.0,40.0,190.0,137.0,94.0,351.0,37.0,212.0,117.0,81.0,156.0,134.0,97.0,177.0,178.0,156.0,0.0,78.0,62.0,213.0,250.0,105.0,75.0,116.0,61.0,114.0,217.0,96.0,61.0,153.0,351.0,22.0,155.0,116.0,179.0,32.0,79.0,317.0,331.0,133.0,229.0,121.0,151.0,57.0,91.0,99.0,43.0,156.0,152.0,154.0,76.0,116.0,56.0,35.0,99.0,94.0,41.0,59.0,156.0,74.0,287.0,55.0,309.0,88.0,47.0,272.0,231.0,41.0,92.0,255.0,228.0,41.0,449.0,154.0,158.0,45.0,101.0,41.0,56.0,25.0,371.0,171.0,101.0,42.0,347.0,174.0,136.0,288.0,101.0,193.0,173.0,45.0,95.0,94.0,176.0,391.0,325.0,141.0,117.0,40.0,78.0,42.0,139.0,20.0,35.0,117.0,96.0,148.0,33.0,39.0,45.0,61.0,98.0,195.0,133.0,38.0,237.0,38.0,140.0,157.0,136.0,57.0,291.0,116.0,190.0,79.0,253.0,58.0,22.0,156.0,213.0,77.0,123.0,196.0,55.0,22.0,21.0,46.0,59.0,58.0,116.0,172.0,274.0,153.0,135.0,174.0,81.0,179.0,39.0,292.0,140.0,136.0,151.0,76.0,271.0,57.0,160.0,63.0,59.0,254.0,75.0,178.0,42.0,154.0,310.0,18.0,290.0,155.0,193.0,59.0,139.0,174.0,38.0,415.0,58.0,132.0,212.0,77.0,272.0,94.0,138.0,158.0,60.0,82.0,97.0,1100.0
