,G_base,G_1,G_2,G_3,G_4,G_5,G_6,G_7,G_8,G_9,G_10,G_11,G_12,G_13,G_14,G_15,G_16,G_17,G_18,G_19,G_20,G_21,G_22,G_23,G_24,G_25,G_26,G_27,G_28,G_29,G_30,G_31,G_32,G_33,G_34,G_35,G_36,G_37,G_38,G_39,G_40,G_41,G_42,G_43,G_44,G_45,G_46,G_47,G_48,G_49,G_50,G_51,G_52,G_53,G_54,G_55,G_56,G_57,G_58,G_59,G_60,G_61,G_62,G_63,G_64,G_65,G_66,G_67,G_68,G_69,G_70,G_71,G_72,G_73,G_74,G_75,G_76,G_77,G_78,G_79,G_80,G_81,G_82,G_83,G_84,G_85,G_86,G_87,G_88,G_89,G_90,G_91,G_92,G_93,G_94,G_95,G_96,G_97,G_98,G_99,G_100,G_101,G_102,G_103,G_104,G_105,G_106,G_107,G_108,G_109,G_110,G_111,G_112,G_113,G_114,G_115,G_116,G_117,G_118,G_119,G_120,G_121,G_122,G_123,G_124,G_125,G_126,G_127,G_128,G_129,G_130,G_131,G_132,G_133,G_134,G_135,G_136,G_137,G_138,G_139,G_140,G_141,G_142,G_143,G_144,G_145,G_146,G_147,G_148,G_149,G_150,G_151,G_152,G_153,G_154,G_155,G_156,G_157,G_158,G_159,G_160,G_161,G_162,G_163,G_164,G_165,G_166,G_167,G_168,G_169,G_170,G_171,G_172,G_173,G_174,G_175,G_176,G_177,G_178,G_179,G_180,G_181,G_182,G_183,G_184,G_185,G_186,G_187,G_188,G_189,G_190,G_191,G_192,G_193,G_194,G_195,G_196,G_197,G_198,G_199,G_200,G_201
G_base,0.0,65.0,165.0,303.0,242.0,163.0,160.0,35.0,28.0,360.0,103.0,70.0,9.0,63.0,67.0,107.0,205.0,25.0,87.0,182.0,108.0,5.0,104.0,5.0,63.0,8.0,243.0,227.0,345.0,162.0,85.0,163.0,211.0,185.0,50.0,188.0,68.0,34.0,68.0,94.0,146.0,84.0,49.0,127.0,68.0,262.0,401.0,127.0,51.0,202.0,17.0,126.0,86.0,221.0,53.0,50.0,141.0,143.0,31.0,5.0,28.0,106.0,30.0,45.0,203.0,143.0,28.0,5.0,65.0,167.0,65.0,86.0,103.0,69.0,164.0,83.0,32.0,91.0,104.0,82.0,14.0,126.0,145.0,74.0,127.0,46.0,31.0,13.0,48.0,207.0,186.0,124.0,264.0,362.0,87.0,86.0,126.0,223.0,124.0,48.0,106.0,122.0,26.0,85.0,93.0,126.0,67.0,104.0,28.0,85.0,206.0,87.0,126.0,46.0,27.0,22.0,67.0,324.0,144.0,51.0,83.0,49.0,85.0,90.0,147.0,30.0,183.0,245.0,45.0,126.0,48.0,32.0,28.0,86.0,108.0,93.0,34.0,104.0,125.0,32.0,163.0,31.0,246.0,105.0,31.0,120.0,53.0,63.0,283.0,48.0,64.0,342.0,14.0,106.0,108.0,105.0,29.0,204.0,33.0,262.0,29.0,69.0,88.0,54.0,30.0,84.0,127.0,285.0,422.0,11.0,302.0,282.0,68.0,45.0,129.0,161.0,90.0,27.0,204.0,125.0,187.0,12.0,344.0,68.0,133.0,152.0,204.0,111.0,106.0,68.0,71.0,144.0,183.0,261.0,122.0,70.0,84.0,44.0,13.0,169.0,48.0,1160.0
G_1,65.0,0.0,229.0,366.0,186.0,106.0,104.0,96.0,53.0,423.0,51.0,134.0,71.0,11.0,12.0,170.0,269.0,49.0,33.0,246.0,171.0,68.0,169.0,70.0,9.0,69.0,306.0,291.0,408.0,106.0,29.0,108.0,272.0,132.0,34.0,251.0,130.0,50.0,129.0,40.0,210.0,148.0,109.0,189.0,11.0,206.0,463.0,190.0,39.0,265.0,72.0,189.0,35.0,165.0,115.0,36.0,90.0,207.0,89.0,67.0,54.0,167.0,52.0,109.0,148.0,207.0,91.0,69.0,7.0,229.0,129.0,34.0,51.0,11.0,108.0,148.0,93.0,153.0,166.0,27.0,74.0,71.0,206.0,131.0,184.0,109.0,89.0,73.0,34.0,264.0,247.0,187.0,326.0,426.0,32.0,35.0,189.0,286.0,187.0,34.0,48.0,71.0,90.0,148.0,155.0,188.0,125.0,52.0,90.0,149.0,270.0,149.0,185.0,34.0,49.0,49.0,11.0,384.0,209.0,113.0,29.0,112.0,148.0,150.0,211.0,93.0,247.0,308.0,27.0,73.0,106.0,90.0,52.0,30.0,172.0,155.0,95.0,48.0,71.0,90.0,225.0,93.0,308.0,168.0,95.0,182.0,112.0,11.0,347.0,27.0,11.0,404.0,71.0,170.0,50.0,48.0,89.0,268.0,97.0,325.0,92.0,132.0,34.0,115.0,54.0,148.0,189.0,348.0,482.0,75.0,364.0,346.0,13.0,31.0,190.0,109.0,149.0,49.0,266.0,188.0,246.0,71.0,406.0,9.0,189.0,210.0,268.0,173.0,166.0,16.0,135.0,90.0,246.0,324.0,64.0,131.0,147.0,108.0,71.0,113.0,30.0,1220.0
G_2,165.0,229.0,0.0,151.0,404.0,325.0,324.0,151.0,186.0,207.0,267.0,111.0,165.0,226.0,230.0,74.0,50.0,189.0,251.0,31.0,73.0,167.0,76.0,169.0,225.0,165.0,93.0,71.0,188.0,323.0,244.0,326.0,54.0,347.0,210.0,33.0,109.0,194.0,113.0,252.0,39.0,94.0,133.0,53.0,227.0,424.0,250.0,50.0,211.0,54.0,178.0,53.0,246.0,385.0,131.0,208.0,303.0,33.0,150.0,166.0,187.0,78.0,188.0,127.0,366.0,29.0,148.0,168.0,230.0,18.0,107.0,249.0,266.0,230.0,326.0,88.0,152.0,90.0,76.0,245.0,167.0,286.0,34.0,120.0,60.0,128.0,154.0,172.0,210.0,64.0,38.0,56.0,118.0,207.0,249.0,246.0,58.0,73.0,55.0,209.0,269.0,284.0,149.0,90.0,89.0,58.0,116.0,267.0,152.0,93.0,56.0,94.0,57.0,208.0,190.0,186.0,228.0,170.0,32.0,129.0,247.0,129.0,93.0,93.0,40.0,149.0,37.0,103.0,209.0,287.0,132.0,155.0,189.0,248.0,78.0,92.0,152.0,264.0,286.0,151.0,22.0,148.0,89.0,72.0,147.0,55.0,134.0,226.0,127.0,208.0,227.0,193.0,175.0,73.0,272.0,269.0,153.0,47.0,146.0,106.0,151.0,116.0,248.0,139.0,190.0,95.0,62.0,139.0,272.0,172.0,155.0,135.0,228.0,207.0,56.0,326.0,95.0,188.0,59.0,52.0,36.0,168.0,196.0,229.0,64.0,44.0,51.0,78.0,75.0,226.0,106.0,308.0,36.0,109.0,286.0,110.0,93.0,128.0,174.0,323.0,205.0,1000.0
G_3,303.0,366.0,151.0,0.0,542.0,464.0,463.0,294.0,326.0,72.0,403.0,252.0,307.0,363.0,368.0,211.0,114.0,325.0,387.0,135.0,211.0,306.0,208.0,305.0,364.0,307.0,71.0,98.0,56.0,463.0,386.0,466.0,115.0,484.0,346.0,133.0,247.0,332.0,251.0,391.0,175.0,225.0,266.0,185.0,363.0,563.0,113.0,193.0,346.0,110.0,309.0,191.0,386.0,522.0,271.0,348.0,443.0,169.0,285.0,304.0,324.0,211.0,329.0,265.0,504.0,171.0,286.0,305.0,367.0,149.0,247.0,386.0,403.0,363.0,463.0,225.0,289.0,232.0,207.0,383.0,309.0,426.0,170.0,247.0,190.0,268.0,288.0,309.0,348.0,114.0,132.0,192.0,54.0,69.0,388.0,386.0,189.0,92.0,187.0,346.0,405.0,424.0,287.0,226.0,234.0,187.0,249.0,406.0,286.0,226.0,116.0,226.0,188.0,346.0,326.0,325.0,367.0,39.0,166.0,269.0,384.0,264.0,227.0,229.0,168.0,284.0,133.0,74.0,342.0,424.0,269.0,289.0,326.0,386.0,213.0,233.0,290.0,402.0,425.0,283.0,152.0,289.0,78.0,206.0,290.0,187.0,269.0,364.0,37.0,347.0,364.0,55.0,305.0,211.0,409.0,405.0,288.0,116.0,289.0,57.0,288.0,248.0,386.0,271.0,323.0,228.0,193.0,37.0,132.0,308.0,16.0,32.0,365.0,343.0,194.0,464.0,229.0,326.0,104.0,186.0,134.0,308.0,59.0,365.0,192.0,172.0,113.0,209.0,210.0,362.0,251.0,447.0,129.0,49.0,422.0,246.0,230.0,265.0,309.0,466.0,346.0,860.0
G_4,242.0,186.0,404.0,542.0,0.0,91.0,89.0,270.0,226.0,601.0,150.0,306.0,247.0,187.0,186.0,346.0,445.0,224.0,169.0,422.0,344.0,244.0,345.0,244.0,187.0,247.0,483.0,466.0,585.0,89.0,170.0,92.0,450.0,71.0,206.0,428.0,307.0,226.0,304.0,172.0,386.0,324.0,284.0,366.0,182.0,35.0,643.0,367.0,208.0,442.0,248.0,366.0,167.0,32.0,287.0,209.0,108.0,384.0,268.0,244.0,225.0,345.0,227.0,285.0,50.0,383.0,266.0,247.0,186.0,406.0,305.0,171.0,150.0,191.0,93.0,323.0,270.0,331.0,344.0,166.0,247.0,126.0,383.0,307.0,363.0,286.0,263.0,251.0,206.0,441.0,424.0,363.0,504.0,601.0,170.0,166.0,363.0,463.0,364.0,208.0,146.0,126.0,264.0,325.0,330.0,367.0,304.0,147.0,265.0,323.0,444.0,327.0,363.0,207.0,225.0,224.0,189.0,565.0,384.0,289.0,167.0,288.0,327.0,326.0,386.0,266.0,424.0,486.0,206.0,129.0,286.0,264.0,228.0,168.0,347.0,326.0,270.0,146.0,129.0,268.0,403.0,267.0,483.0,342.0,267.0,362.0,292.0,185.0,523.0,207.0,187.0,584.0,248.0,346.0,149.0,151.0,266.0,445.0,269.0,503.0,266.0,305.0,166.0,288.0,224.0,325.0,365.0,526.0,662.0,246.0,543.0,522.0,184.0,205.0,369.0,87.0,327.0,223.0,444.0,365.0,425.0,248.0,585.0,191.0,370.0,386.0,443.0,348.0,344.0,188.0,308.0,113.0,422.0,501.0,125.0,306.0,324.0,283.0,250.0,92.0,210.0,1400.0
G_5,163.0,106.0,325.0,464.0,91.0,0.0,10.0,191.0,148.0,520.0,71.0,229.0,165.0,111.0,112.0,269.0,364.0,149.0,92.0,343.0,269.0,166.0,267.0,168.0,108.0,168.0,402.0,387.0,506.0,7.0,85.0,11.0,369.0,33.0,130.0,347.0,229.0,152.0,226.0,92.0,307.0,247.0,208.0,287.0,111.0,107.0,561.0,287.0,132.0,363.0,171.0,285.0,89.0,70.0,211.0,130.0,31.0,304.0,187.0,165.0,148.0,268.0,151.0,204.0,49.0,302.0,187.0,165.0,109.0,329.0,226.0,89.0,71.0,110.0,14.0,243.0,191.0,249.0,267.0,88.0,170.0,49.0,304.0,230.0,288.0,207.0,191.0,169.0,133.0,367.0,346.0,283.0,426.0,523.0,88.0,87.0,288.0,384.0,285.0,129.0,71.0,51.0,186.0,246.0,249.0,288.0,228.0,71.0,191.0,247.0,366.0,248.0,288.0,129.0,149.0,146.0,112.0,485.0,307.0,210.0,88.0,206.0,247.0,246.0,309.0,190.0,346.0,407.0,128.0,47.0,208.0,190.0,149.0,89.0,266.0,251.0,187.0,69.0,52.0,185.0,326.0,189.0,406.0,264.0,187.0,283.0,208.0,108.0,444.0,128.0,108.0,503.0,170.0,267.0,69.0,67.0,192.0,364.0,190.0,422.0,189.0,231.0,91.0,216.0,152.0,246.0,289.0,446.0,581.0,168.0,461.0,443.0,110.0,130.0,288.0,12.0,243.0,146.0,366.0,286.0,348.0,168.0,505.0,106.0,288.0,311.0,364.0,267.0,267.0,110.0,228.0,37.0,345.0,422.0,49.0,229.0,245.0,206.0,169.0,14.0,125.0,1320.0
G_6,160.0,104.0,324.0,463.0,89.0,10.0,0.0,191.0,144.0,520.0,67.0,228.0,166.0,104.0,110.0,265.0,364.0,145.0,89.0,342.0,267.0,163.0,262.0,163.0,104.0,167.0,403.0,384.0,505.0,8.0,86.0,7.0,370.0,33.0,130.0,347.0,225.0,148.0,223.0,94.0,306.0,244.0,206.0,286.0,107.0,107.0,561.0,284.0,131.0,362.0,168.0,283.0,86.0,67.0,208.0,130.0,28.0,303.0,185.0,161.0,147.0,263.0,148.0,205.0,50.0,302.0,187.0,163.0,106.0,327.0,224.0,88.0,69.0,107.0,10.0,243.0,190.0,249.0,264.0,82.0,166.0,49.0,304.0,228.0,285.0,206.0,186.0,170.0,130.0,365.0,346.0,283.0,424.0,521.0,88.0,89.0,285.0,383.0,283.0,129.0,69.0,46.0,184.0,245.0,250.0,284.0,224.0,68.0,185.0,243.0,364.0,245.0,284.0,128.0,146.0,143.0,104.0,484.0,304.0,206.0,83.0,207.0,243.0,247.0,306.0,187.0,343.0,405.0,122.0,51.0,205.0,188.0,149.0,85.0,266.0,250.0,190.0,66.0,50.0,186.0,322.0,188.0,406.0,264.0,187.0,280.0,208.0,106.0,442.0,125.0,103.0,502.0,167.0,263.0,70.0,66.0,189.0,364.0,189.0,422.0,187.0,225.0,88.0,209.0,150.0,244.0,286.0,445.0,582.0,167.0,462.0,442.0,107.0,124.0,289.0,8.0,246.0,144.0,362.0,283.0,347.0,169.0,504.0,108.0,288.0,308.0,362.0,268.0,264.0,108.0,228.0,29.0,343.0,421.0,46.0,226.0,242.0,204.0,167.0,16.0,125.0,1320.0
G_7,35.0,96.0,151.0,294.0,270.0,191.0,191.0,0.0,53.0,348.0,132.0,53.0,35.0,97.0,94.0,91.0,189.0,58.0,115.0,166.0,102.0,36.0,99.0,37.0,93.0,37.0,232.0,212.0,326.0,190.0,115.0,188.0,195.0,218.0,71.0,173.0,60.0,60.0,54.0,114.0,137.0,76.0,42.0,115.0,97.0,290.0,382.0,112.0,76.0,194.0,50.0,110.0,110.0,248.0,34.0,68.0,169.0,136.0,22.0,34.0,58.0,99.0,53.0,37.0,231.0,128.0,23.0,36.0,95.0,155.0,57.0,114.0,134.0,100.0,192.0,76.0,21.0,73.0,97.0,113.0,32.0,152.0,133.0,66.0,116.0,38.0,24.0,38.0,77.0,197.0,172.0,115.0,256.0,351.0,116.0,112.0,115.0,213.0,116.0,73.0,136.0,150.0,15.0,78.0,74.0,118.0,59.0,132.0,23.0,81.0,193.0,73.0,121.0,76.0,58.0,56.0,99.0,305.0,137.0,38.0,114.0,35.0,77.0,77.0,142.0,17.0,172.0,234.0,79.0,154.0,33.0,22.0,56.0,113.0,94.0,72.0,18.0,135.0,153.0,23.0,158.0,11.0,229.0,96.0,17.0,117.0,35.0,95.0,271.0,80.0,97.0,326.0,41.0,97.0,139.0,137.0,22.0,189.0,17.0,247.0,21.0,62.0,113.0,49.0,60.0,78.0,119.0,275.0,408.0,39.0,292.0,276.0,93.0,77.0,115.0,191.0,77.0,57.0,198.0,113.0,171.0,35.0,330.0,100.0,117.0,140.0,188.0,99.0,93.0,93.0,50.0,171.0,176.0,250.0,149.0,57.0,78.0,40.0,42.0,191.0,76.0,1140.0
G_8,28.0,53.0,186.0,326.0,226.0,148.0,144.0,53.0,0.0,383.0,87.0,91.0,30.0,49.0,51.0,126.0,228.0,13.0,72.0,207.0,133.0,30.0,127.0,27.0,49.0,34.0,265.0,244.0,368.0,146.0,69.0,146.0,234.0,170.0,31.0,210.0,87.0,19.0,86.0,75.0,170.0,111.0,73.0,149.0,53.0,245.0,425.0,145.0,33.0,223.0,40.0,147.0,64.0,207.0,72.0,32.0,123.0,168.0,52.0,25.0,12.0,134.0,12.0,70.0,186.0,166.0,53.0,30.0,49.0,188.0,88.0,67.0,90.0,54.0,145.0,105.0,59.0,114.0,131.0,67.0,30.0,105.0,164.0,98.0,149.0,71.0,51.0,32.0,31.0,229.0,208.0,147.0,289.0,385.0,70.0,66.0,151.0,245.0,148.0,33.0,90.0,102.0,45.0,110.0,113.0,149.0,92.0,86.0,55.0,111.0,226.0,110.0,153.0,33.0,12.0,10.0,51.0,347.0,167.0,71.0,66.0,72.0,108.0,107.0,171.0,50.0,208.0,271.0,35.0,106.0,67.0,55.0,13.0,68.0,130.0,109.0,51.0,87.0,105.0,52.0,191.0,49.0,269.0,127.0,51.0,148.0,74.0,48.0,305.0,34.0,48.0,364.0,38.0,129.0,95.0,91.0,53.0,227.0,53.0,286.0,51.0,94.0,69.0,79.0,15.0,109.0,150.0,308.0,442.0,34.0,325.0,307.0,48.0,31.0,153.0,144.0,109.0,10.0,227.0,147.0,210.0,31.0,367.0,53.0,153.0,176.0,227.0,132.0,129.0,50.0,91.0,127.0,207.0,284.0,108.0,88.0,107.0,70.0,35.0,151.0,30.0,1180.0
G_9,360.0,423.0,207.0,72.0,601.0,520.0,520.0,348.0,383.0,0.0,460.0,307.0,364.0,421.0,425.0,269.0,170.0,383.0,445.0,191.0,263.0,362.0,267.0,363.0,422.0,364.0,128.0,156.0,38.0,520.0,442.0,523.0,173.0,542.0,402.0,193.0,307.0,383.0,302.0,442.0,226.0,285.0,327.0,246.0,423.0,620.0,57.0,249.0,400.0,164.0,369.0,248.0,442.0,581.0,329.0,405.0,500.0,226.0,343.0,361.0,384.0,267.0,385.0,322.0,560.0,224.0,342.0,363.0,424.0,210.0,302.0,444.0,461.0,423.0,522.0,281.0,343.0,288.0,265.0,440.0,365.0,482.0,226.0,309.0,249.0,325.0,348.0,366.0,407.0,175.0,188.0,243.0,116.0,15.0,444.0,442.0,248.0,145.0,245.0,406.0,463.0,482.0,342.0,285.0,290.0,248.0,306.0,462.0,345.0,283.0,166.0,286.0,250.0,404.0,383.0,380.0,425.0,53.0,225.0,326.0,441.0,322.0,284.0,285.0,229.0,344.0,192.0,135.0,402.0,482.0,325.0,346.0,385.0,440.0,265.0,290.0,342.0,461.0,480.0,343.0,209.0,345.0,130.0,265.0,345.0,245.0,328.0,422.0,93.0,405.0,424.0,41.0,368.0,268.0,460.0,463.0,347.0,168.0,345.0,107.0,346.0,307.0,442.0,327.0,387.0,285.0,251.0,97.0,76.0,360.0,70.0,95.0,422.0,403.0,250.0,520.0,286.0,381.0,170.0,245.0,190.0,365.0,35.0,422.0,252.0,235.0,170.0,269.0,266.0,421.0,308.0,504.0,189.0,107.0,480.0,305.0,286.0,324.0,367.0,523.0,402.0,800.0
G_10,103.0,51.0,267.0,403.0,150.0,71.0,67.0,132.0,87.0,460.0,0.0,170.0,109.0,48.0,52.0,207.0,307.0,88.0,32.0,284.0,209.0,106.0,205.0,105.0,49.0,109.0,345.0,324.0,444.0,71.0,32.0,67.0,307.0,92.0,73.0,289.0,167.0,94.0,167.0,42.0,249.0,183.0,148.0,227.0,51.0,169.0,503.0,227.0,72.0,303.0,115.0,224.0,30.0,127.0,150.0,70.0,48.0,243.0,129.0,104.0,89.0,206.0,92.0,147.0,110.0,245.0,125.0,105.0,52.0,269.0,163.0,30.0,6.0,53.0,70.0,186.0,131.0,192.0,206.0,28.0,110.0,35.0,246.0,175.0,227.0,148.0,131.0,113.0,72.0,307.0,288.0,224.0,364.0,463.0,33.0,32.0,227.0,325.0,224.0,69.0,16.0,29.0,127.0,188.0,192.0,224.0,167.0,13.0,128.0,187.0,307.0,186.0,228.0,69.0,90.0,84.0,51.0,423.0,247.0,148.0,25.0,150.0,185.0,189.0,249.0,130.0,286.0,346.0,71.0,31.0,150.0,130.0,88.0,32.0,208.0,193.0,132.0,11.0,33.0,131.0,263.0,130.0,346.0,206.0,129.0,223.0,149.0,48.0,385.0,70.0,47.0,444.0,111.0,207.0,15.0,13.0,130.0,307.0,132.0,364.0,130.0,168.0,34.0,152.0,89.0,185.0,228.0,385.0,524.0,110.0,402.0,382.0,51.0,67.0,230.0,69.0,188.0,88.0,302.0,226.0,288.0,113.0,445.0,52.0,227.0,249.0,306.0,208.0,207.0,51.0,170.0,48.0,285.0,364.0,31.0,167.0,183.0,146.0,112.0,78.0,71.0,1260.0
G_11,70.0,134.0,111.0,252.0,306.0,229.0,228.0,53.0,91.0,307.0,170.0,0.0,69.0,131.0,131.0,52.0,149.0,90.0,150.0,128.0,56.0,72.0,57.0,73.0,131.0,71.0,189.0,170.0,292.0,226.0,149.0,230.0,156.0,251.0,111.0,137.0,20.0,100.0,12.0,151.0,92.0,36.0,40.0,72.0,133.0,326.0,344.0,73.0,109.0,150.0,85.0,72.0,147.0,289.0,35.0,111.0,207.0,93.0,56.0,69.0,93.0,57.0,92.0,31.0,267.0,91.0,57.0,72.0,133.0,114.0,16.0,151.0,171.0,138.0,229.0,34.0,55.0,39.0,55.0,149.0,73.0,187.0,91.0,25.0,79.0,35.0,61.0,71.0,111.0,157.0,128.0,74.0,212.0,311.0,150.0,145.0,74.0,166.0,72.0,112.0,171.0,187.0,51.0,36.0,36.0,76.0,19.0,166.0,57.0,38.0,149.0,37.0,78.0,113.0,93.0,89.0,136.0,270.0,93.0,34.0,151.0,32.0,36.0,37.0,100.0,55.0,130.0,193.0,114.0,189.0,35.0,57.0,93.0,149.0,50.0,36.0,56.0,171.0,189.0,61.0,117.0,54.0,189.0,54.0,51.0,76.0,37.0,131.0,229.0,113.0,133.0,291.0,80.0,54.0,174.0,172.0,56.0,151.0,54.0,210.0,57.0,21.0,148.0,44.0,93.0,36.0,78.0,232.0,368.0,72.0,250.0,233.0,128.0,113.0,75.0,228.0,40.0,91.0,156.0,71.0,132.0,75.0,288.0,135.0,82.0,99.0,152.0,57.0,58.0,129.0,12.0,212.0,133.0,207.0,187.0,17.0,35.0,35.0,79.0,230.0,110.0,1100.0
G_12,9.0,71.0,165.0,307.0,247.0,165.0,166.0,35.0,30.0,364.0,109.0,69.0,0.0,70.0,71.0,107.0,208.0,33.0,93.0,184.0,113.0,11.0,111.0,14.0,68.0,9.0,244.0,230.0,349.0,163.0,85.0,168.0,209.0,189.0,53.0,188.0,72.0,40.0,69.0,96.0,152.0,93.0,53.0,131.0,71.0,266.0,405.0,125.0,53.0,207.0,22.0,127.0,88.0,227.0,50.0,50.0,147.0,145.0,34.0,9.0,31.0,113.0,33.0,46.0,206.0,146.0,33.0,10.0,71.0,171.0,67.0,92.0,107.0,73.0,168.0,87.0,36.0,91.0,111.0,88.0,15.0,126.0,146.0,78.0,134.0,50.0,37.0,11.0,51.0,213.0,187.0,128.0,271.0,364.0,89.0,86.0,134.0,227.0,129.0,50.0,112.0,127.0,31.0,90.0,91.0,132.0,72.0,108.0,34.0,93.0,209.0,91.0,132.0,52.0,32.0,29.0,73.0,328.0,147.0,53.0,89.0,48.0,91.0,89.0,155.0,33.0,185.0,253.0,54.0,127.0,52.0,35.0,32.0,90.0,109.0,91.0,32.0,107.0,129.0,34.0,172.0,32.0,249.0,108.0,33.0,129.0,52.0,67.0,286.0,51.0,71.0,346.0,19.0,109.0,114.0,110.0,36.0,208.0,35.0,266.0,35.0,75.0,90.0,61.0,32.0,91.0,132.0,291.0,423.0,17.0,304.0,289.0,70.0,52.0,133.0,167.0,90.0,32.0,211.0,128.0,191.0,14.0,347.0,71.0,133.0,155.0,207.0,109.0,111.0,68.0,70.0,148.0,188.0,266.0,127.0,70.0,90.0,51.0,17.0,167.0,47.0,1160.0
G_13,63.0,11.0,226.0,363.0,187.0,111.0,104.0,97.0,49.0,421.0,48.0,131.0,70.0,0.0,11.0,167.0,267.0,47.0,32.0,245.0,166.0,68.0,163.0,66.0,10.0,71.0,302.0,288.0,407.0,109.0,32.0,107.0,274.0,128.0,36.0,251.0,129.0,53.0,126.0,42.0,208.0,147.0,108.0,189.0,12.0,208.0,461.0,187.0,36.0,265.0,76.0,186.0,30.0,166.0,113.0,36.0,86.0,204.0,87.0,65.0,51.0,166.0,53.0,108.0,151.0,204.0,90.0,66.0,13.0,229.0,128.0,32.0,48.0,13.0,108.0,143.0,93.0,154.0,165.0,26.0,74.0,73.0,206.0,135.0,189.0,108.0,90.0,73.0,31.0,268.0,248.0,186.0,325.0,424.0,34.0,33.0,188.0,282.0,187.0,32.0,47.0,67.0,88.0,146.0,154.0,186.0,127.0,49.0,88.0,143.0,263.0,148.0,187.0,32.0,50.0,45.0,10.0,385.0,203.0,111.0,28.0,108.0,142.0,150.0,208.0,89.0,246.0,305.0,27.0,73.0,110.0,89.0,52.0,29.0,170.0,154.0,96.0,48.0,68.0,92.0,225.0,93.0,308.0,167.0,92.0,183.0,114.0,9.0,344.0,31.0,9.0,404.0,73.0,166.0,53.0,51.0,92.0,267.0,94.0,324.0,92.0,128.0,34.0,112.0,53.0,145.0,189.0,347.0,485.0,72.0,364.0,344.0,13.0,28.0,192.0,106.0,151.0,49.0,263.0,185.0,250.0,72.0,407.0,16.0,194.0,210.0,265.0,171.0,169.0,13.0,133.0,87.0,245.0,323.0,68.0,130.0,144.0,106.0,73.0,116.0,33.0,1220.0
G_14,67.0,12.0,230.0,368.0,186.0,112.0,110.0,94.0,51.0,425.0,52.0,131.0,71.0,11.0,0.0,169.0,266.0,50.0,33.0,247.0,170.0,70.0,170.0,71.0,10.0,73.0,302.0,291.0,408.0,108.0,33.0,111.0,277.0,130.0,36.0,253.0,134.0,55.0,126.0,40.0,206.0,148.0,111.0,190.0,13.0,209.0,461.0,190.0,35.0,267.0,78.0,191.0,34.0,167.0,112.0,37.0,90.0,206.0,94.0,68.0,53.0,169.0,48.0,110.0,150.0,207.0,93.0,71.0,12.0,230.0,129.0,34.0,53.0,18.0,111.0,148.0,93.0,154.0,171.0,29.0,74.0,71.0,205.0,135.0,185.0,109.0,90.0,73.0,31.0,264.0,246.0,187.0,324.0,427.0,35.0,32.0,190.0,285.0,188.0,35.0,51.0,69.0,88.0,149.0,154.0,187.0,128.0,49.0,92.0,150.0,263.0,151.0,189.0,33.0,50.0,48.0,17.0,388.0,208.0,113.0,33.0,110.0,146.0,148.0,212.0,89.0,248.0,308.0,32.0,72.0,109.0,85.0,52.0,31.0,172.0,152.0,94.0,53.0,69.0,93.0,228.0,90.0,308.0,168.0,94.0,187.0,115.0,13.0,342.0,33.0,15.0,402.0,76.0,171.0,56.0,54.0,93.0,269.0,97.0,326.0,92.0,131.0,32.0,115.0,53.0,150.0,189.0,345.0,485.0,74.0,362.0,347.0,13.0,32.0,194.0,108.0,150.0,50.0,269.0,189.0,250.0,68.0,406.0,18.0,192.0,208.0,264.0,168.0,166.0,13.0,135.0,93.0,246.0,325.0,68.0,131.0,148.0,108.0,70.0,115.0,33.0,1220.0
G_15,107.0,170.0,74.0,211.0,346.0,269.0,265.0,91.0,126.0,269.0,207.0,52.0,107.0,167.0,169.0,0.0,115.0,129.0,189.0,90.0,19.0,109.0,13.0,108.0,166.0,110.0,150.0,129.0,248.0,265.0,189.0,263.0,115.0,289.0,152.0,95.0,54.0,133.0,50.0,192.0,56.0,31.0,71.0,35.0,169.0,364.0,307.0,32.0,148.0,108.0,117.0,32.0,185.0,327.0,68.0,151.0,245.0,55.0,94.0,105.0,130.0,18.0,131.0,71.0,307.0,53.0,95.0,108.0,172.0,71.0,51.0,189.0,209.0,173.0,267.0,31.0,92.0,37.0,18.0,186.0,112.0,227.0,50.0,57.0,39.0,72.0,94.0,112.0,149.0,116.0,91.0,35.0,172.0,267.0,191.0,187.0,36.0,131.0,36.0,148.0,211.0,224.0,89.0,33.0,35.0,35.0,54.0,204.0,91.0,36.0,111.0,28.0,39.0,147.0,131.0,128.0,168.0,229.0,51.0,73.0,186.0,71.0,33.0,35.0,58.0,91.0,89.0,155.0,150.0,230.0,74.0,94.0,131.0,187.0,16.0,34.0,93.0,207.0,225.0,95.0,77.0,94.0,154.0,13.0,94.0,34.0,70.0,169.0,191.0,151.0,165.0,248.0,116.0,12.0,214.0,211.0,94.0,110.0,93.0,171.0,90.0,57.0,187.0,83.0,129.0,35.0,38.0,192.0,325.0,112.0,211.0,193.0,168.0,148.0,38.0,265.0,36.0,130.0,112.0,27.0,95.0,112.0,247.0,172.0,38.0,59.0,113.0,18.0,14.0,166.0,54.0,246.0,90.0,169.0,227.0,52.0,31.0,69.0,114.0,270.0,150.0,1060.0
G_16,205.0,269.0,50.0,114.0,445.0,364.0,364.0,189.0,228.0,170.0,307.0,149.0,208.0,267.0,266.0,115.0,0.0,228.0,288.0,33.0,118.0,206.0,112.0,208.0,265.0,207.0,52.0,33.0,149.0,364.0,286.0,367.0,16.0,387.0,251.0,34.0,151.0,236.0,152.0,289.0,72.0,131.0,171.0,93.0,268.0,464.0,204.0,93.0,252.0,17.0,213.0,92.0,286.0,423.0,171.0,248.0,345.0,71.0,193.0,206.0,227.0,113.0,227.0,170.0,405.0,69.0,187.0,207.0,270.0,56.0,148.0,287.0,306.0,267.0,367.0,130.0,193.0,130.0,114.0,286.0,208.0,326.0,72.0,158.0,95.0,169.0,192.0,209.0,251.0,23.0,34.0,97.0,77.0,172.0,289.0,284.0,94.0,33.0,94.0,249.0,308.0,325.0,189.0,130.0,127.0,91.0,150.0,306.0,188.0,131.0,15.0,136.0,95.0,248.0,230.0,227.0,268.0,130.0,71.0,169.0,287.0,169.0,128.0,131.0,76.0,191.0,39.0,58.0,246.0,327.0,169.0,188.0,228.0,287.0,115.0,134.0,192.0,305.0,328.0,190.0,58.0,187.0,51.0,111.0,188.0,91.0,171.0,266.0,86.0,250.0,266.0,148.0,212.0,112.0,312.0,307.0,191.0,11.0,189.0,73.0,187.0,151.0,286.0,174.0,229.0,135.0,96.0,93.0,232.0,214.0,112.0,95.0,270.0,249.0,94.0,365.0,130.0,231.0,21.0,93.0,33.0,207.0,152.0,270.0,99.0,76.0,7.0,107.0,111.0,267.0,145.0,348.0,37.0,67.0,325.0,152.0,133.0,169.0,206.0,364.0,248.0,960.0
G_17,25.0,49.0,189.0,325.0,224.0,149.0,145.0,58.0,13.0,383.0,88.0,90.0,33.0,47.0,50.0,129.0,228.0,0.0,70.0,205.0,128.0,27.0,129.0,29.0,49.0,30.0,265.0,250.0,369.0,147.0,71.0,148.0,233.0,168.0,34.0,212.0,89.0,18.0,88.0,78.0,166.0,107.0,71.0,150.0,54.0,246.0,424.0,151.0,34.0,224.0,41.0,149.0,72.0,204.0,75.0,35.0,125.0,167.0,54.0,28.0,13.0,129.0,13.0,66.0,188.0,164.0,52.0,30.0,49.0,188.0,89.0,71.0,88.0,54.0,148.0,107.0,53.0,116.0,127.0,67.0,32.0,110.0,168.0,96.0,148.0,71.0,55.0,38.0,32.0,226.0,209.0,146.0,286.0,384.0,73.0,70.0,150.0,246.0,147.0,34.0,89.0,106.0,47.0,107.0,116.0,150.0,89.0,87.0,52.0,106.0,227.0,109.0,146.0,32.0,13.0,7.0,53.0,345.0,165.0,72.0,67.0,70.0,109.0,113.0,169.0,52.0,206.0,268.0,28.0,112.0,72.0,55.0,14.0,70.0,131.0,114.0,55.0,89.0,108.0,55.0,186.0,54.0,268.0,127.0,53.0,143.0,78.0,48.0,306.0,34.0,48.0,366.0,37.0,131.0,92.0,90.0,50.0,227.0,54.0,284.0,54.0,92.0,73.0,77.0,13.0,108.0,151.0,307.0,443.0,31.0,324.0,304.0,53.0,31.0,149.0,145.0,115.0,10.0,228.0,147.0,206.0,35.0,367.0,52.0,156.0,174.0,227.0,135.0,131.0,51.0,93.0,127.0,207.0,283.0,104.0,93.0,108.0,69.0,36.0,154.0,32.0,1180.0
G_18,87.0,33.0,251.0,387.0,169.0,92.0,89.0,115.0,72.0,445.0,32.0,150.0,93.0,32.0,33.0,189.0,288.0,70.0,0.0,268.0,193.0,88.0,187.0,89.0,32.0,91.0,328.0,308.0,428.0,89.0,12.0,89.0,293.0,110.0,57.0,269.0,149.0,74.0,148.0,20.0,229.0,169.0,127.0,208.0,33.0,186.0,483.0,211.0,57.0,287.0,95.0,210.0,16.0,150.0,132.0,58.0,70.0,230.0,114.0,88.0,75.0,189.0,75.0,131.0,131.0,229.0,112.0,88.0,34.0,247.0,151.0,12.0,34.0,34.0,90.0,169.0,114.0,171.0,188.0,10.0,94.0,53.0,227.0,152.0,208.0,132.0,112.0,89.0,56.0,287.0,269.0,209.0,346.0,449.0,14.0,13.0,208.0,306.0,208.0,55.0,36.0,50.0,109.0,168.0,174.0,206.0,148.0,31.0,112.0,171.0,285.0,169.0,210.0,53.0,73.0,70.0,35.0,406.0,231.0,135.0,14.0,133.0,168.0,171.0,231.0,108.0,267.0,325.0,52.0,55.0,132.0,111.0,74.0,11.0,189.0,174.0,113.0,34.0,52.0,109.0,247.0,112.0,330.0,188.0,117.0,206.0,133.0,33.0,367.0,56.0,32.0,426.0,89.0,190.0,39.0,32.0,112.0,290.0,117.0,348.0,111.0,151.0,12.0,137.0,74.0,168.0,210.0,368.0,506.0,94.0,386.0,369.0,32.0,49.0,214.0,87.0,169.0,74.0,285.0,208.0,270.0,93.0,426.0,34.0,211.0,232.0,288.0,189.0,189.0,35.0,153.0,71.0,269.0,344.0,52.0,149.0,168.0,131.0,94.0,99.0,54.0,1240.0
G_19,182.0,246.0,31.0,135.0,422.0,343.0,342.0,166.0,207.0,191.0,284.0,128.0,184.0,245.0,247.0,90.0,33.0,205.0,268.0,0.0,97.0,185.0,95.0,186.0,243.0,187.0,76.0,50.0,170.0,341.0,265.0,345.0,34.0,365.0,224.0,11.0,132.0,215.0,131.0,269.0,58.0,111.0,153.0,75.0,248.0,441.0,228.0,68.0,228.0,35.0,198.0,68.0,263.0,403.0,143.0,223.0,321.0,54.0,170.0,184.0,205.0,97.0,205.0,144.0,382.0,48.0,170.0,184.0,247.0,41.0,126.0,267.0,285.0,250.0,344.0,111.0,173.0,112.0,93.0,263.0,183.0,304.0,54.0,138.0,79.0,147.0,174.0,190.0,227.0,43.0,19.0,73.0,101.0,189.0,265.0,264.0,77.0,57.0,72.0,228.0,287.0,303.0,167.0,110.0,109.0,76.0,134.0,284.0,171.0,114.0,39.0,113.0,77.0,225.0,207.0,203.0,248.0,150.0,53.0,146.0,265.0,147.0,112.0,113.0,61.0,169.0,18.0,83.0,225.0,305.0,149.0,174.0,207.0,266.0,95.0,109.0,168.0,284.0,306.0,173.0,39.0,164.0,70.0,92.0,165.0,73.0,151.0,244.0,110.0,227.0,245.0,173.0,194.0,95.0,289.0,286.0,171.0,30.0,166.0,88.0,171.0,135.0,265.0,159.0,207.0,113.0,79.0,121.0,252.0,189.0,136.0,118.0,243.0,227.0,70.0,343.0,113.0,208.0,40.0,72.0,15.0,188.0,174.0,247.0,84.0,64.0,32.0,97.0,96.0,245.0,123.0,324.0,18.0,93.0,302.0,128.0,110.0,147.0,192.0,341.0,227.0,980.0
G_20,108.0,171.0,73.0,211.0,344.0,269.0,267.0,102.0,133.0,263.0,209.0,56.0,113.0,166.0,170.0,19.0,118.0,128.0,193.0,97.0,0.0,111.0,17.0,110.0,168.0,111.0,151.0,139.0,257.0,267.0,189.0,269.0,124.0,287.0,154.0,102.0,57.0,129.0,52.0,195.0,50.0,35.0,75.0,39.0,169.0,368.0,312.0,39.0,149.0,110.0,120.0,40.0,193.0,326.0,80.0,156.0,246.0,55.0,94.0,111.0,130.0,16.0,134.0,71.0,308.0,55.0,92.0,112.0,173.0,75.0,54.0,192.0,208.0,173.0,269.0,30.0,90.0,42.0,16.0,187.0,118.0,232.0,56.0,59.0,40.0,74.0,96.0,117.0,149.0,117.0,95.0,34.0,175.0,271.0,192.0,192.0,37.0,128.0,36.0,151.0,209.0,227.0,93.0,33.0,44.0,40.0,58.0,210.0,94.0,30.0,108.0,36.0,35.0,150.0,132.0,129.0,171.0,234.0,53.0,78.0,188.0,74.0,36.0,39.0,55.0,95.0,94.0,155.0,147.0,231.0,77.0,96.0,131.0,189.0,18.0,44.0,96.0,205.0,227.0,97.0,75.0,98.0,155.0,16.0,96.0,36.0,82.0,167.0,195.0,148.0,169.0,256.0,118.0,16.0,208.0,210.0,96.0,113.0,96.0,169.0,95.0,56.0,192.0,81.0,129.0,33.0,40.0,195.0,331.0,105.0,212.0,192.0,171.0,149.0,39.0,267.0,42.0,126.0,114.0,36.0,97.0,115.0,251.0,173.0,48.0,63.0,117.0,25.0,20.0,171.0,62.0,250.0,93.0,171.0,226.0,58.0,34.0,69.0,117.0,274.0,151.0,1060.0
G_21,5.0,68.0,167.0,306.0,244.0,166.0,163.0,36.0,30.0,362.0,106.0,72.0,11.0,68.0,70.0,109.0,206.0,27.0,88.0,185.0,111.0,0.0,108.0,9.0,66.0,6.0,245.0,228.0,347.0,163.0,86.0,166.0,210.0,187.0,53.0,188.0,66.0,38.0,70.0,96.0,147.0,87.0,50.0,128.0,70.0,263.0,403.0,129.0,53.0,204.0,18.0,130.0,87.0,224.0,56.0,54.0,143.0,146.0,35.0,8.0,30.0,110.0,34.0,48.0,203.0,147.0,30.0,10.0,68.0,169.0,67.0,88.0,106.0,71.0,167.0,85.0,35.0,90.0,106.0,87.0,12.0,126.0,145.0,77.0,125.0,50.0,34.0,13.0,52.0,207.0,188.0,128.0,267.0,364.0,88.0,86.0,128.0,225.0,126.0,50.0,110.0,123.0,29.0,87.0,92.0,128.0,68.0,106.0,32.0,88.0,207.0,89.0,127.0,45.0,31.0,27.0,69.0,324.0,147.0,54.0,88.0,51.0,87.0,89.0,149.0,32.0,186.0,247.0,48.0,128.0,49.0,35.0,29.0,90.0,111.0,96.0,34.0,106.0,129.0,32.0,167.0,32.0,248.0,105.0,35.0,122.0,53.0,66.0,284.0,52.0,67.0,344.0,16.0,107.0,113.0,107.0,30.0,206.0,37.0,265.0,28.0,70.0,90.0,55.0,31.0,88.0,130.0,287.0,422.0,15.0,304.0,285.0,71.0,49.0,129.0,165.0,90.0,32.0,207.0,127.0,187.0,12.0,346.0,68.0,131.0,155.0,203.0,111.0,106.0,71.0,72.0,145.0,185.0,263.0,126.0,71.0,87.0,48.0,13.0,171.0,50.0,1160.0
G_22,104.0,169.0,76.0,208.0,345.0,267.0,262.0,99.0,127.0,267.0,205.0,57.0,111.0,163.0,170.0,13.0,112.0,129.0,187.0,95.0,17.0,108.0,0.0,106.0,166.0,110.0,149.0,129.0,250.0,266.0,189.0,265.0,114.0,288.0,154.0,97.0,51.0,136.0,56.0,198.0,58.0,30.0,68.0,35.0,166.0,364.0,307.0,37.0,153.0,108.0,109.0,35.0,188.0,325.0,73.0,152.0,243.0,51.0,93.0,106.0,130.0,11.0,132.0,73.0,307.0,57.0,91.0,104.0,167.0,76.0,54.0,186.0,207.0,169.0,266.0,30.0,94.0,38.0,8.0,184.0,116.0,228.0,52.0,55.0,35.0,74.0,89.0,114.0,147.0,112.0,93.0,38.0,171.0,269.0,191.0,190.0,34.0,129.0,34.0,150.0,206.0,222.0,90.0,34.0,38.0,34.0,47.0,205.0,82.0,30.0,113.0,34.0,33.0,148.0,130.0,126.0,164.0,231.0,52.0,76.0,184.0,72.0,30.0,37.0,49.0,91.0,88.0,151.0,145.0,226.0,73.0,90.0,128.0,188.0,20.0,40.0,100.0,206.0,227.0,94.0,71.0,93.0,156.0,14.0,97.0,26.0,75.0,167.0,190.0,150.0,162.0,247.0,110.0,9.0,212.0,208.0,93.0,112.0,97.0,175.0,88.0,50.0,190.0,76.0,129.0,28.0,29.0,191.0,327.0,113.0,210.0,189.0,170.0,143.0,41.0,263.0,36.0,130.0,107.0,30.0,97.0,115.0,251.0,172.0,37.0,54.0,111.0,15.0,14.0,168.0,57.0,244.0,88.0,168.0,226.0,57.0,32.0,66.0,111.0,273.0,152.0,1060.0
G_23,5.0,70.0,169.0,305.0,244.0,168.0,163.0,37.0,27.0,363.0,105.0,73.0,14.0,66.0,71.0,108.0,208.0,29.0,89.0,186.0,110.0,9.0,106.0,0.0,66.0,13.0,244.0,227.0,347.0,167.0,89.0,166.0,214.0,189.0,52.0,191.0,70.0,34.0,70.0,97.0,149.0,88.0,51.0,132.0,69.0,265.0,405.0,128.0,54.0,204.0,18.0,126.0,88.0,225.0,54.0,50.0,142.0,148.0,33.0,6.0,30.0,109.0,34.0,49.0,206.0,148.0,31.0,8.0,70.0,169.0,69.0,85.0,108.0,70.0,165.0,86.0,36.0,95.0,107.0,85.0,14.0,130.0,147.0,75.0,128.0,48.0,32.0,14.0,51.0,208.0,189.0,126.0,267.0,365.0,90.0,90.0,127.0,226.0,128.0,50.0,109.0,122.0,30.0,90.0,94.0,125.0,69.0,106.0,32.0,89.0,208.0,89.0,129.0,50.0,30.0,27.0,68.0,327.0,148.0,53.0,84.0,54.0,87.0,89.0,149.0,31.0,187.0,248.0,49.0,130.0,50.0,33.0,33.0,87.0,109.0,96.0,35.0,103.0,126.0,33.0,165.0,32.0,248.0,106.0,33.0,125.0,55.0,62.0,287.0,51.0,65.0,346.0,16.0,107.0,111.0,110.0,31.0,207.0,35.0,266.0,32.0,71.0,90.0,57.0,31.0,86.0,129.0,288.0,424.0,15.0,303.0,285.0,70.0,47.0,133.0,163.0,87.0,28.0,205.0,127.0,187.0,14.0,347.0,72.0,133.0,150.0,208.0,113.0,110.0,70.0,73.0,145.0,184.0,263.0,126.0,69.0,84.0,47.0,13.0,174.0,52.0,1160.0
G_24,63.0,9.0,225.0,364.0,187.0,108.0,104.0,93.0,49.0,422.0,49.0,131.0,68.0,10.0,10.0,166.0,265.0,49.0,32.0,243.0,168.0,66.0,166.0,66.0,0.0,68.0,303.0,287.0,405.0,105.0,29.0,107.0,270.0,130.0,32.0,247.0,129.0,52.0,128.0,38.0,208.0,145.0,106.0,187.0,12.0,206.0,462.0,183.0,36.0,263.0,74.0,187.0,33.0,167.0,114.0,34.0,86.0,203.0,91.0,67.0,48.0,166.0,50.0,107.0,148.0,205.0,87.0,66.0,11.0,227.0,126.0,30.0,49.0,10.0,103.0,145.0,92.0,150.0,167.0,26.0,72.0,70.0,204.0,130.0,185.0,105.0,87.0,69.0,31.0,266.0,245.0,185.0,322.0,423.0,31.0,32.0,187.0,283.0,186.0,31.0,52.0,66.0,88.0,145.0,152.0,187.0,128.0,51.0,89.0,145.0,267.0,148.0,186.0,27.0,48.0,45.0,7.0,385.0,205.0,112.0,29.0,109.0,147.0,146.0,208.0,92.0,245.0,307.0,28.0,71.0,105.0,89.0,49.0,28.0,170.0,154.0,91.0,44.0,70.0,88.0,223.0,89.0,306.0,166.0,92.0,182.0,111.0,6.0,343.0,29.0,9.0,402.0,74.0,167.0,55.0,49.0,92.0,265.0,94.0,323.0,89.0,129.0,34.0,114.0,50.0,146.0,188.0,345.0,483.0,72.0,363.0,343.0,13.0,29.0,190.0,107.0,144.0,48.0,264.0,186.0,248.0,67.0,404.0,12.0,190.0,211.0,264.0,170.0,166.0,16.0,130.0,88.0,241.0,322.0,67.0,127.0,143.0,103.0,68.0,112.0,29.0,1220.0
G_25,8.0,69.0,165.0,307.0,247.0,168.0,167.0,37.0,34.0,364.0,109.0,71.0,9.0,71.0,73.0,110.0,207.0,30.0,91.0,187.0,111.0,6.0,110.0,13.0,68.0,0.0,248.0,231.0,350.0,165.0,87.0,169.0,207.0,189.0,55.0,190.0,66.0,40.0,73.0,98.0,150.0,90.0,52.0,128.0,71.0,265.0,405.0,129.0,54.0,206.0,21.0,130.0,92.0,227.0,56.0,54.0,145.0,146.0,37.0,11.0,33.0,111.0,37.0,48.0,207.0,148.0,29.0,12.0,70.0,171.0,67.0,92.0,108.0,72.0,168.0,89.0,34.0,91.0,107.0,89.0,15.0,130.0,147.0,76.0,128.0,50.0,37.0,15.0,53.0,209.0,188.0,129.0,268.0,367.0,92.0,90.0,131.0,227.0,128.0,53.0,114.0,127.0,32.0,88.0,91.0,130.0,70.0,110.0,33.0,92.0,210.0,88.0,126.0,50.0,33.0,30.0,72.0,326.0,150.0,57.0,91.0,51.0,89.0,91.0,152.0,34.0,187.0,250.0,51.0,130.0,50.0,36.0,31.0,92.0,113.0,97.0,37.0,108.0,131.0,34.0,169.0,35.0,251.0,108.0,37.0,124.0,54.0,69.0,288.0,52.0,71.0,346.0,16.0,107.0,116.0,109.0,32.0,207.0,37.0,267.0,33.0,73.0,93.0,59.0,34.0,90.0,132.0,290.0,424.0,17.0,306.0,285.0,72.0,52.0,130.0,169.0,93.0,35.0,208.0,126.0,189.0,15.0,348.0,69.0,131.0,154.0,207.0,112.0,109.0,71.0,71.0,148.0,188.0,265.0,127.0,72.0,89.0,50.0,16.0,172.0,50.0,1160.0
G_26,243.0,306.0,93.0,71.0,483.0,402.0,403.0,232.0,265.0,128.0,345.0,189.0,244.0,302.0,302.0,150.0,52.0,265.0,328.0,76.0,151.0,245.0,149.0,244.0,303.0,248.0,0.0,40.0,114.0,400.0,323.0,404.0,60.0,421.0,287.0,79.0,191.0,268.0,185.0,327.0,111.0,167.0,207.0,131.0,305.0,503.0,166.0,133.0,286.0,52.0,249.0,130.0,324.0,463.0,213.0,286.0,383.0,109.0,227.0,244.0,266.0,149.0,266.0,204.0,441.0,110.0,227.0,246.0,308.0,92.0,187.0,327.0,343.0,304.0,405.0,162.0,227.0,171.0,149.0,323.0,249.0,362.0,105.0,191.0,129.0,204.0,230.0,248.0,288.0,57.0,71.0,129.0,35.0,131.0,324.0,322.0,131.0,29.0,129.0,286.0,344.0,363.0,225.0,168.0,172.0,126.0,188.0,342.0,227.0,166.0,48.0,170.0,133.0,285.0,266.0,264.0,307.0,91.0,107.0,210.0,326.0,205.0,164.0,165.0,111.0,228.0,72.0,16.0,284.0,363.0,209.0,224.0,269.0,324.0,148.0,174.0,228.0,341.0,363.0,225.0,90.0,228.0,19.0,146.0,226.0,129.0,208.0,300.0,51.0,287.0,307.0,110.0,251.0,152.0,348.0,345.0,231.0,56.0,225.0,36.0,229.0,189.0,325.0,209.0,268.0,166.0,132.0,54.0,189.0,248.0,64.0,56.0,305.0,286.0,135.0,403.0,164.0,264.0,53.0,131.0,73.0,244.0,113.0,305.0,133.0,110.0,50.0,146.0,148.0,305.0,193.0,387.0,68.0,33.0,364.0,190.0,165.0,206.0,244.0,403.0,283.0,920.0
G_27,227.0,291.0,71.0,98.0,466.0,387.0,384.0,212.0,244.0,156.0,324.0,170.0,230.0,288.0,291.0,129.0,33.0,250.0,308.0,50.0,139.0,228.0,129.0,227.0,287.0,231.0,40.0,0.0,131.0,386.0,308.0,387.0,34.0,408.0,271.0,52.0,170.0,258.0,174.0,312.0,98.0,151.0,192.0,114.0,288.0,484.0,193.0,112.0,270.0,35.0,233.0,109.0,306.0,447.0,184.0,267.0,364.0,97.0,213.0,225.0,248.0,137.0,247.0,189.0,426.0,92.0,212.0,226.0,290.0,79.0,170.0,306.0,327.0,290.0,386.0,151.0,214.0,153.0,136.0,306.0,224.0,346.0,92.0,178.0,118.0,192.0,211.0,232.0,268.0,44.0,55.0,117.0,65.0,156.0,310.0,306.0,120.0,19.0,115.0,270.0,329.0,344.0,208.0,153.0,148.0,114.0,172.0,326.0,209.0,156.0,38.0,153.0,120.0,269.0,251.0,248.0,286.0,113.0,96.0,187.0,307.0,192.0,151.0,151.0,97.0,210.0,60.0,46.0,270.0,345.0,191.0,212.0,247.0,308.0,135.0,148.0,213.0,326.0,347.0,212.0,82.0,205.0,33.0,132.0,209.0,114.0,191.0,288.0,72.0,271.0,284.0,136.0,235.0,132.0,334.0,330.0,211.0,30.0,208.0,55.0,206.0,175.0,306.0,199.0,248.0,152.0,115.0,82.0,215.0,232.0,100.0,83.0,289.0,267.0,114.0,385.0,152.0,251.0,39.0,111.0,52.0,231.0,138.0,290.0,120.0,100.0,35.0,131.0,134.0,288.0,166.0,368.0,58.0,56.0,348.0,172.0,152.0,187.0,231.0,385.0,269.0,940.0
G_28,345.0,408.0,188.0,56.0,585.0,506.0,505.0,326.0,368.0,38.0,444.0,292.0,349.0,407.0,408.0,248.0,149.0,369.0,428.0,170.0,257.0,347.0,250.0,347.0,405.0,350.0,114.0,131.0,0.0,505.0,427.0,503.0,150.0,528.0,390.0,172.0,292.0,371.0,291.0,428.0,214.0,267.0,308.0,231.0,407.0,605.0,72.0,234.0,391.0,152.0,349.0,231.0,426.0,564.0,307.0,386.0,485.0,209.0,329.0,345.0,367.0,254.0,368.0,309.0,545.0,209.0,328.0,347.0,410.0,191.0,288.0,429.0,444.0,408.0,508.0,269.0,331.0,268.0,252.0,425.0,348.0,467.0,212.0,292.0,231.0,309.0,331.0,351.0,390.0,159.0,175.0,235.0,96.0,35.0,429.0,425.0,230.0,135.0,234.0,387.0,448.0,466.0,329.0,272.0,270.0,232.0,290.0,446.0,326.0,272.0,158.0,271.0,230.0,385.0,368.0,365.0,407.0,30.0,212.0,310.0,424.0,308.0,270.0,272.0,212.0,327.0,174.0,114.0,387.0,468.0,311.0,330.0,370.0,428.0,253.0,273.0,332.0,445.0,468.0,330.0,194.0,327.0,109.0,250.0,329.0,228.0,308.0,407.0,72.0,389.0,405.0,17.0,352.0,250.0,449.0,450.0,329.0,149.0,328.0,93.0,325.0,289.0,425.0,309.0,370.0,273.0,234.0,76.0,99.0,352.0,57.0,78.0,408.0,387.0,234.0,505.0,269.0,369.0,154.0,228.0,173.0,350.0,21.0,410.0,231.0,214.0,150.0,250.0,248.0,405.0,287.0,488.0,170.0,90.0,466.0,291.0,271.0,305.0,350.0,505.0,389.0,820.0
G_29,162.0,106.0,323.0,463.0,89.0,7.0,8.0,190.0,146.0,520.0,71.0,226.0,163.0,109.0,108.0,265.0,364.0,147.0,89.0,341.0,267.0,163.0,266.0,167.0,105.0,165.0,400.0,386.0,505.0,0.0,82.0,9.0,367.0,30.0,129.0,346.0,226.0,151.0,223.0,91.0,305.0,245.0,205.0,285.0,109.0,104.0,561.0,285.0,129.0,362.0,170.0,285.0,87.0,68.0,209.0,130.0,29.0,302.0,187.0,163.0,147.0,268.0,149.0,202.0,46.0,302.0,186.0,166.0,107.0,326.0,224.0,90.0,69.0,107.0,11.0,241.0,190.0,248.0,266.0,86.0,168.0,45.0,300.0,228.0,285.0,205.0,188.0,167.0,129.0,364.0,345.0,283.0,424.0,522.0,84.0,85.0,287.0,382.0,284.0,128.0,72.0,48.0,184.0,243.0,246.0,286.0,227.0,67.0,190.0,246.0,364.0,246.0,286.0,127.0,146.0,144.0,110.0,484.0,304.0,209.0,88.0,204.0,245.0,243.0,308.0,188.0,344.0,406.0,126.0,47.0,207.0,188.0,147.0,88.0,265.0,249.0,185.0,66.0,51.0,183.0,325.0,188.0,405.0,261.0,186.0,282.0,204.0,106.0,442.0,126.0,108.0,502.0,168.0,266.0,73.0,67.0,190.0,364.0,188.0,422.0,187.0,230.0,88.0,214.0,148.0,246.0,287.0,445.0,580.0,166.0,460.0,442.0,107.0,129.0,288.0,11.0,242.0,144.0,364.0,284.0,347.0,166.0,504.0,104.0,285.0,311.0,362.0,265.0,265.0,107.0,227.0,36.0,342.0,421.0,47.0,226.0,243.0,204.0,166.0,11.0,124.0,1320.0
G_30,85.0,29.0,244.0,386.0,170.0,85.0,86.0,115.0,69.0,442.0,32.0,149.0,85.0,32.0,33.0,189.0,286.0,71.0,12.0,265.0,189.0,86.0,189.0,89.0,29.0,87.0,323.0,308.0,427.0,82.0,0.0,87.0,290.0,109.0,53.0,268.0,150.0,74.0,147.0,17.0,228.0,169.0,130.0,209.0,33.0,184.0,483.0,207.0,55.0,284.0,93.0,208.0,13.0,145.0,133.0,56.0,68.0,223.0,109.0,85.0,71.0,190.0,73.0,124.0,125.0,225.0,110.0,89.0,29.0,249.0,147.0,12.0,29.0,31.0,91.0,164.0,114.0,168.0,189.0,9.0,92.0,48.0,224.0,152.0,208.0,129.0,111.0,90.0,53.0,287.0,268.0,206.0,347.0,445.0,7.0,12.0,210.0,304.0,207.0,52.0,31.0,50.0,107.0,167.0,169.0,208.0,149.0,31.0,113.0,170.0,288.0,170.0,208.0,52.0,69.0,68.0,34.0,406.0,228.0,132.0,11.0,128.0,167.0,167.0,230.0,111.0,265.0,328.0,50.0,50.0,129.0,111.0,70.0,12.0,188.0,173.0,108.0,28.0,52.0,106.0,247.0,110.0,327.0,184.0,113.0,205.0,127.0,30.0,365.0,48.0,31.0,424.0,91.0,185.0,34.0,30.0,112.0,286.0,115.0,344.0,109.0,152.0,13.0,137.0,73.0,168.0,208.0,367.0,502.0,94.0,382.0,365.0,32.0,52.0,212.0,88.0,164.0,69.0,287.0,208.0,269.0,88.0,426.0,27.0,207.0,233.0,284.0,187.0,187.0,34.0,150.0,73.0,266.0,343.0,49.0,151.0,167.0,128.0,89.0,91.0,46.0,1240.0
G_31,163.0,108.0,326.0,466.0,92.0,11.0,7.0,188.0,146.0,523.0,67.0,230.0,168.0,107.0,111.0,263.0,367.0,148.0,89.0,345.0,269.0,166.0,265.0,166.0,107.0,169.0,404.0,387.0,503.0,9.0,87.0,0.0,371.0,33.0,132.0,349.0,227.0,148.0,224.0,96.0,309.0,243.0,206.0,288.0,110.0,108.0,560.0,286.0,133.0,365.0,172.0,286.0,88.0,67.0,211.0,132.0,30.0,305.0,188.0,164.0,150.0,267.0,152.0,208.0,53.0,305.0,188.0,166.0,109.0,325.0,227.0,88.0,70.0,111.0,12.0,245.0,191.0,248.0,267.0,87.0,170.0,51.0,305.0,233.0,287.0,207.0,190.0,172.0,132.0,368.0,348.0,285.0,423.0,524.0,88.0,90.0,284.0,385.0,287.0,127.0,72.0,48.0,187.0,247.0,252.0,286.0,227.0,69.0,190.0,246.0,366.0,243.0,288.0,126.0,148.0,145.0,108.0,482.0,306.0,210.0,85.0,210.0,245.0,249.0,309.0,190.0,343.0,403.0,127.0,51.0,210.0,190.0,151.0,89.0,268.0,252.0,191.0,70.0,52.0,188.0,323.0,191.0,408.0,267.0,189.0,283.0,205.0,108.0,445.0,129.0,106.0,501.0,167.0,267.0,73.0,71.0,191.0,367.0,190.0,424.0,189.0,230.0,91.0,214.0,151.0,246.0,289.0,446.0,582.0,168.0,464.0,445.0,109.0,127.0,292.0,11.0,246.0,146.0,364.0,286.0,348.0,169.0,504.0,109.0,286.0,309.0,366.0,270.0,264.0,111.0,230.0,32.0,344.0,424.0,49.0,228.0,243.0,206.0,172.0,18.0,129.0,1320.0
G_32,211.0,272.0,54.0,115.0,450.0,369.0,370.0,195.0,234.0,173.0,307.0,156.0,209.0,274.0,277.0,115.0,16.0,233.0,293.0,34.0,124.0,210.0,114.0,214.0,270.0,207.0,60.0,34.0,150.0,367.0,290.0,371.0,0.0,390.0,256.0,33.0,152.0,241.0,161.0,299.0,87.0,135.0,172.0,96.0,270.0,467.0,214.0,97.0,256.0,18.0,212.0,95.0,293.0,430.0,167.0,250.0,349.0,76.0,199.0,212.0,232.0,119.0,234.0,174.0,408.0,77.0,189.0,211.0,273.0,64.0,149.0,292.0,306.0,270.0,368.0,137.0,197.0,133.0,111.0,292.0,208.0,332.0,78.0,157.0,97.0,174.0,198.0,213.0,254.0,25.0,41.0,102.0,80.0,172.0,292.0,292.0,98.0,42.0,99.0,252.0,315.0,329.0,196.0,135.0,129.0,96.0,153.0,314.0,190.0,139.0,29.0,138.0,96.0,251.0,235.0,230.0,271.0,130.0,78.0,172.0,291.0,174.0,138.0,135.0,78.0,196.0,39.0,66.0,254.0,329.0,177.0,196.0,232.0,294.0,122.0,134.0,195.0,307.0,334.0,193.0,60.0,189.0,57.0,116.0,191.0,91.0,173.0,271.0,98.0,255.0,270.0,156.0,214.0,115.0,316.0,312.0,193.0,13.0,191.0,79.0,191.0,154.0,295.0,177.0,230.0,138.0,99.0,102.0,232.0,217.0,117.0,97.0,274.0,252.0,95.0,372.0,133.0,236.0,20.0,95.0,37.0,215.0,157.0,269.0,95.0,81.0,17.0,114.0,118.0,273.0,146.0,347.0,38.0,76.0,331.0,155.0,138.0,171.0,214.0,366.0,254.0,960.0
