,G_base,G_1,G_2,G_3,G_4,G_5,G_6,G_7,G_8,G_9,G_10,G_11,G_12,G_13,G_14,G_15,G_16,G_17,G_18,G_19,G_20,G_21,G_22,G_23,G_24,G_25,G_26,G_27,G_28,G_29,G_30,G_31,G_32,G_33,G_34,G_35,G_36,G_37,G_38,G_39,G_40,G_41
G_base,0.0,106.0,90.0,16.0,62.0,12.0,64.0,67.0,130.0,184.0,93.0,27.0,68.0,145.0,47.0,88.0,302.0,203.0,32.0,50.0,171.0,133.0,146.0,212.0,11.0,224.0,28.0,249.0,129.0,50.0,164.0,13.0,29.0,118.0,30.0,88.0,48.0,126.0,109.0,244.0,11.0,1460.0
G_1,106.0,0.0,191.0,113.0,49.0,114.0,48.0,167.0,229.0,285.0,188.0,130.0,51.0,245.0,146.0,190.0,404.0,107.0,90.0,70.0,74.0,231.0,51.0,113.0,108.0,327.0,132.0,152.0,228.0,72.0,268.0,107.0,130.0,20.0,86.0,30.0,146.0,229.0,209.0,347.0,108.0,1560.0
G_2,90.0,191.0,0.0,100.0,149.0,88.0,150.0,36.0,48.0,113.0,18.0,74.0,147.0,74.0,54.0,16.0,231.0,289.0,115.0,132.0,258.0,52.0,226.0,296.0,93.0,141.0,72.0,333.0,50.0,134.0,91.0,88.0,74.0,201.0,114.0,171.0,57.0,51.0,37.0,167.0,97.0,1380.0
G_3,16.0,113.0,100.0,0.0,73.0,21.0,72.0,74.0,135.0,188.0,93.0,35.0,80.0,148.0,50.0,94.0,304.0,202.0,39.0,60.0,172.0,139.0,150.0,211.0,19.0,227.0,37.0,250.0,131.0,50.0,174.0,15.0,36.0,112.0,34.0,89.0,52.0,140.0,111.0,245.0,15.0,1460.0
G_4,62.0,49.0,149.0,73.0,0.0,72.0,7.0,126.0,187.0,243.0,152.0,87.0,12.0,205.0,104.0,146.0,362.0,146.0,53.0,32.0,113.0,191.0,87.0,154.0,71.0,284.0,88.0,190.0,187.0,32.0,225.0,71.0,87.0,60.0,51.0,31.0,107.0,185.0,167.0,303.0,70.0,1520.0
G_5,12.0,114.0,88.0,21.0,72.0,0.0,71.0,72.0,131.0,188.0,98.0,36.0,70.0,150.0,53.0,90.0,303.0,211.0,36.0,54.0,180.0,130.0,151.0,218.0,15.0,224.0,30.0,257.0,125.0,56.0,167.0,13.0,36.0,121.0,36.0,92.0,56.0,130.0,108.0,246.0,19.0,1460.0
G_6,64.0,48.0,150.0,72.0,7.0,71.0,0.0,128.0,186.0,243.0,149.0,89.0,13.0,204.0,104.0,149.0,362.0,144.0,52.0,33.0,111.0,191.0,85.0,154.0,69.0,284.0,89.0,191.0,185.0,31.0,228.0,68.0,88.0,58.0,49.0,27.0,106.0,186.0,167.0,304.0,70.0,1520.0
G_7,67.0,167.0,36.0,74.0,126.0,72.0,128.0,0.0,74.0,125.0,36.0,49.0,129.0,90.0,28.0,30.0,246.0,265.0,93.0,111.0,235.0,75.0,209.0,273.0,73.0,169.0,49.0,313.0,69.0,105.0,111.0,71.0,55.0,177.0,90.0,148.0,29.0,74.0,49.0,190.0,72.0,1400.0
G_8,130.0,229.0,48.0,135.0,187.0,131.0,186.0,74.0,0.0,75.0,57.0,112.0,187.0,38.0,90.0,54.0,193.0,327.0,152.0,170.0,292.0,15.0,261.0,333.0,132.0,106.0,113.0,368.0,10.0,172.0,55.0,125.0,111.0,236.0,152.0,208.0,93.0,13.0,36.0,131.0,135.0,1340.0
G_9,184.0,285.0,113.0,188.0,243.0,188.0,243.0,125.0,75.0,0.0,113.0,166.0,244.0,53.0,143.0,111.0,130.0,382.0,212.0,227.0,350.0,78.0,325.0,388.0,191.0,54.0,166.0,430.0,69.0,224.0,36.0,186.0,169.0,293.0,205.0,265.0,149.0,77.0,89.0,72.0,188.0,1280.0
G_10,93.0,188.0,18.0,93.0,152.0,98.0,149.0,36.0,57.0,113.0,0.0,74.0,155.0,67.0,52.0,19.0,230.0,286.0,110.0,134.0,253.0,62.0,230.0,292.0,91.0,148.0,78.0,329.0,53.0,130.0,99.0,88.0,77.0,195.0,111.0,169.0,52.0,58.0,37.0,171.0,94.0,1380.0
G_11,27.0,130.0,74.0,35.0,87.0,36.0,89.0,49.0,112.0,166.0,74.0,0.0,94.0,131.0,28.0,71.0,284.0,226.0,55.0,76.0,195.0,116.0,170.0,233.0,37.0,206.0,12.0,272.0,111.0,72.0,148.0,33.0,15.0,137.0,51.0,110.0,31.0,111.0,93.0,227.0,32.0,1440.0
G_12,68.0,51.0,147.0,80.0,12.0,70.0,13.0,129.0,187.0,244.0,155.0,94.0,0.0,208.0,111.0,149.0,363.0,150.0,54.0,32.0,119.0,188.0,91.0,158.0,71.0,283.0,91.0,192.0,183.0,38.0,225.0,68.0,90.0,63.0,55.0,37.0,112.0,187.0,167.0,305.0,77.0,1520.0
G_13,145.0,245.0,74.0,148.0,205.0,150.0,204.0,90.0,38.0,53.0,67.0,131.0,208.0,0.0,108.0,74.0,170.0,341.0,166.0,187.0,311.0,39.0,286.0,352.0,143.0,90.0,132.0,388.0,34.0,184.0,38.0,149.0,132.0,253.0,169.0,225.0,107.0,37.0,52.0,110.0,150.0,1320.0
G_14,47.0,146.0,54.0,50.0,104.0,53.0,104.0,28.0,90.0,143.0,52.0,28.0,111.0,108.0,0.0,49.0,265.0,244.0,72.0,91.0,212.0,95.0,185.0,249.0,54.0,186.0,31.0,290.0,86.0,85.0,129.0,49.0,32.0,155.0,68.0,125.0,10.0,92.0,71.0,205.0,50.0,1420.0
G_15,88.0,190.0,16.0,94.0,146.0,90.0,149.0,30.0,54.0,111.0,19.0,71.0,149.0,74.0,49.0,0.0,224.0,286.0,109.0,131.0,251.0,54.0,228.0,291.0,94.0,148.0,68.0,326.0,50.0,129.0,92.0,90.0,72.0,195.0,113.0,168.0,51.0,53.0,32.0,171.0,96.0,1380.0
G_16,302.0,404.0,231.0,304.0,362.0,303.0,362.0,246.0,193.0,130.0,230.0,284.0,363.0,170.0,265.0,224.0,0.0,501.0,329.0,350.0,463.0,193.0,444.0,504.0,309.0,91.0,286.0,545.0,187.0,345.0,152.0,304.0,289.0,404.0,326.0,384.0,266.0,191.0,206.0,71.0,308.0,1160.0
G_17,203.0,107.0,289.0,202.0,146.0,211.0,144.0,265.0,327.0,382.0,286.0,226.0,150.0,341.0,244.0,286.0,501.0,0.0,188.0,168.0,53.0,330.0,70.0,16.0,205.0,424.0,229.0,56.0,326.0,165.0,367.0,206.0,227.0,112.0,186.0,124.0,244.0,326.0,305.0,443.0,205.0,1660.0
G_18,32.0,90.0,115.0,39.0,53.0,36.0,52.0,93.0,152.0,212.0,110.0,55.0,54.0,166.0,72.0,109.0,329.0,188.0,0.0,30.0,155.0,154.0,129.0,197.0,29.0,249.0,55.0,228.0,150.0,34.0,188.0,32.0,52.0,101.0,14.0,69.0,67.0,149.0,130.0,273.0,34.0,1480.0
G_19,50.0,70.0,132.0,60.0,32.0,54.0,33.0,111.0,170.0,227.0,134.0,76.0,32.0,187.0,91.0,131.0,350.0,168.0,30.0,0.0,140.0,172.0,110.0,175.0,49.0,267.0,73.0,210.0,168.0,18.0,204.0,53.0,71.0,84.0,33.0,53.0,91.0,166.0,153.0,291.0,52.0,1500.0
G_20,171.0,74.0,258.0,172.0,113.0,180.0,111.0,235.0,292.0,350.0,253.0,195.0,119.0,311.0,212.0,251.0,463.0,53.0,155.0,140.0,0.0,298.0,35.0,54.0,175.0,390.0,197.0,92.0,293.0,135.0,333.0,174.0,192.0,70.0,150.0,93.0,211.0,293.0,274.0,410.0,171.0,1620.0
G_21,133.0,231.0,52.0,139.0,191.0,130.0,191.0,75.0,15.0,78.0,62.0,116.0,188.0,39.0,95.0,54.0,193.0,330.0,154.0,172.0,298.0,0.0,269.0,336.0,134.0,109.0,114.0,371.0,15.0,175.0,56.0,131.0,116.0,237.0,155.0,211.0,92.0,16.0,34.0,134.0,137.0,1340.0
G_22,146.0,51.0,226.0,150.0,87.0,151.0,85.0,209.0,261.0,325.0,230.0,170.0,91.0,286.0,185.0,228.0,444.0,70.0,129.0,110.0,35.0,269.0,0.0,78.0,148.0,362.0,170.0,115.0,262.0,111.0,305.0,144.0,168.0,62.0,129.0,68.0,188.0,266.0,246.0,384.0,149.0,1600.0
G_23,212.0,113.0,296.0,211.0,154.0,218.0,154.0,273.0,333.0,388.0,292.0,233.0,158.0,352.0,249.0,291.0,504.0,16.0,197.0,175.0,54.0,336.0,78.0,0.0,214.0,431.0,236.0,54.0,332.0,175.0,370.0,214.0,235.0,113.0,189.0,133.0,253.0,333.0,316.0,449.0,209.0,1660.0
G_24,11.0,108.0,93.0,19.0,71.0,15.0,69.0,73.0,132.0,191.0,91.0,37.0,71.0,143.0,54.0,94.0,309.0,205.0,29.0,49.0,175.0,134.0,148.0,214.0,0.0,227.0,38.0,249.0,131.0,56.0,170.0,12.0,34.0,118.0,34.0,91.0,52.0,130.0,112.0,248.0,15.0,1460.0
G_25,224.0,327.0,141.0,227.0,284.0,224.0,284.0,169.0,106.0,54.0,148.0,206.0,283.0,90.0,186.0,148.0,91.0,424.0,249.0,267.0,390.0,109.0,362.0,431.0,227.0,0.0,208.0,466.0,104.0,267.0,71.0,223.0,207.0,330.0,248.0,306.0,188.0,108.0,129.0,28.0,230.0,1240.0
G_26,28.0,132.0,72.0,37.0,88.0,30.0,89.0,49.0,113.0,166.0,78.0,12.0,91.0,132.0,31.0,68.0,286.0,229.0,55.0,73.0,197.0,114.0,170.0,236.0,38.0,208.0,0.0,275.0,109.0,73.0,145.0,32.0,14.0,142.0,51.0,110.0,33.0,114.0,92.0,228.0,35.0,1440.0
G_27,249.0,152.0,333.0,250.0,190.0,257.0,191.0,313.0,368.0,430.0,329.0,272.0,192.0,388.0,290.0,326.0,545.0,56.0,228.0,210.0,92.0,371.0,115.0,54.0,249.0,466.0,275.0,0.0,370.0,213.0,409.0,252.0,270.0,151.0,230.0,171.0,288.0,367.0,350.0,489.0,249.0,1700.0
G_28,129.0,228.0,50.0,131.0,187.0,125.0,185.0,69.0,10.0,69.0,53.0,111.0,183.0,34.0,86.0,50.0,187.0,326.0,150.0,168.0,293.0,15.0,262.0,332.0,131.0,104.0,109.0,370.0,0.0,168.0,53.0,122.0,111.0,234.0,150.0,205.0,92.0,16.0,31.0,128.0,134.0,1340.0
G_29,50.0,72.0,134.0,50.0,32.0,56.0,31.0,105.0,172.0,224.0,130.0,72.0,38.0,184.0,85.0,129.0,345.0,165.0,34.0,18.0,135.0,175.0,111.0,175.0,56.0,267.0,73.0,213.0,168.0,0.0,210.0,52.0,74.0,78.0,33.0,48.0,86.0,174.0,146.0,288.0,51.0,1500.0
G_30,164.0,268.0,91.0,174.0,225.0,167.0,228.0,111.0,55.0,36.0,99.0,148.0,225.0,38.0,129.0,92.0,152.0,367.0,188.0,204.0,333.0,56.0,305.0,370.0,170.0,71.0,145.0,409.0,53.0,210.0,0.0,168.0,146.0,275.0,185.0,248.0,129.0,54.0,77.0,94.0,165.0,1300.0
G_31,13.0,107.0,88.0,15.0,71.0,13.0,68.0,71.0,125.0,186.0,88.0,33.0,68.0,149.0,49.0,90.0,304.0,206.0,32.0,53.0,174.0,131.0,144.0,214.0,12.0,223.0,32.0,252.0,122.0,52.0,168.0,0.0,31.0,116.0,31.0,88.0,50.0,132.0,107.0,246.0,15.0,1460.0
G_32,29.0,130.0,74.0,36.0,87.0,36.0,88.0,55.0,111.0,169.0,77.0,15.0,90.0,132.0,32.0,72.0,289.0,227.0,52.0,71.0,192.0,116.0,168.0,235.0,34.0,207.0,14.0,270.0,111.0,74.0,146.0,31.0,0.0,138.0,53.0,112.0,32.0,114.0,92.0,232.0,33.0,1440.0
G_33,118.0,20.0,201.0,112.0,60.0,121.0,58.0,177.0,236.0,293.0,195.0,137.0,63.0,253.0,155.0,195.0,404.0,112.0,101.0,84.0,70.0,237.0,62.0,113.0,118.0,330.0,142.0,151.0,234.0,78.0,275.0,116.0,138.0,0.0,95.0,36.0,154.0,238.0,216.0,351.0,113.0,1560.0
G_34,30.0,86.0,114.0,34.0,51.0,36.0,49.0,90.0,152.0,205.0,111.0,51.0,55.0,169.0,68.0,113.0,326.0,186.0,14.0,33.0,150.0,155.0,129.0,189.0,34.0,248.0,51.0,230.0,150.0,33.0,185.0,31.0,53.0,95.0,0.0,66.0,68.0,153.0,133.0,269.0,27.0,1480.0
G_35,88.0,30.0,171.0,89.0,31.0,92.0,27.0,148.0,208.0,265.0,169.0,110.0,37.0,225.0,125.0,168.0,384.0,124.0,69.0,53.0,93.0,211.0,68.0,133.0,91.0,306.0,110.0,171.0,205.0,48.0,248.0,88.0,112.0,36.0,66.0,0.0,127.0,208.0,189.0,326.0,87.0,1540.0
G_36,48.0,146.0,57.0,52.0,107.0,56.0,106.0,29.0,93.0,149.0,52.0,31.0,112.0,107.0,10.0,51.0,266.0,244.0,67.0,91.0,211.0,92.0,188.0,253.0,52.0,188.0,33.0,288.0,92.0,86.0,129.0,50.0,32.0,154.0,68.0,127.0,0.0,94.0,69.0,210.0,49.0,1420.0
G_37,126.0,229.0,51.0,140.0,185.0,130.0,186.0,74.0,13.0,77.0,58.0,111.0,187.0,37.0,92.0,53.0,191.0,326.0,149.0,166.0,293.0,16.0,266.0,333.0,130.0,108.0,114.0,367.0,16.0,174.0,54.0,132.0,114.0,238.0,153.0,208.0,94.0,0.0,38.0,130.0,134.0,1340.0
G_38,109.0,209.0,37.0,111.0,167.0,108.0,167.0,49.0,36.0,89.0,37.0,93.0,167.0,52.0,71.0,32.0,206.0,305.0,130.0,153.0,274.0,34.0,246.0,316.0,112.0,129.0,92.0,350.0,31.0,146.0,77.0,107.0,92.0,216.0,133.0,189.0,69.0,38.0,0.0,151.0,116.0,1360.0
G_39,244.0,347.0,167.0,245.0,303.0,246.0,304.0,190.0,131.0,72.0,171.0,227.0,305.0,110.0,205.0,171.0,71.0,443.0,273.0,291.0,410.0,134.0,384.0,449.0,248.0,28.0,228.0,489.0,128.0,288.0,94.0,246.0,232.0,351.0,269.0,326.0,210.0,130.0,151.0,0.0,251.0,1220.0
G_40,11.0,108.0,97.0,15.0,70.0,19.0,70.0,72.0,135.0,188.0,94.0,32.0,77.0,150.0,50.0,96.0,308.0,205.0,34.0,52.0,171.0,137.0,149.0,209.0,15.0,230.0,35.0,249.0,134.0,51.0,165.0,15.0,33.0,113.0,27.0,87.0,49.0,134.0,116.0,251.0,0.0,1460.0
G_41,1460.0,1560.0,1380.0,1460.0,1520.0,1460.0,1520.0,1400.0,1340.0,1280.0,1380.0,1440.0,1520.0,1320.0,1420.0,1380.0,1160.0,1660.0,1480.0,1500.0,1620.0,1340.0,1600.0,1660.0,1460.0,1240.0,1440.0,1700.0,1340.0,1500.0,1300.0,1460.0,1440.0,1560.0,1480.0,1540.0,1420.0,1340.0,1360.0,1220.0,1460.0,0.0
