,G_base,G_1,G_2,G_3,G_4,G_5,G_6,G_7,G_8,G_9,G_10,G_11,G_12,G_13,G_14,G_15,G_16,G_17,G_18,G_19,G_20,G_21,G_22,G_23,G_24,G_25,G_26,G_27,G_28,G_29,G_30,G_31,G_32,G_33,G_34,G_35,G_36,G_37,G_38,G_39,G_40,G_41,G_42,G_43,G_44,G_45,G_46,G_47,G_48,G_49,G_50,G_51
G_base,0.0,906.0,19704.0,12191.0,8482.0,930.0,10130.0,12090.0,4641.0,12247.0,13540.0,10377.0,4650.0,8582.0,4575.0,4584.0,8261.0,6561.0,21608.0,4598.0,4480.0,10289.0,4616.0,4566.0,11871.0,8783.0,4933.0,2696.0,10451.0,4689.0,4854.0,2764.0,874.0,12222.0,12048.0,2976.0,854.0,2806.0,4667.0,4650.0,1035.0,4600.0,6414.0,8399.0,2804.0,4647.0,6419.0,14025.0,8376.0,4684.0,6446.0,95951.0
G_1,906.0,0.0,19665.0,12271.0,8570.0,830.0,10103.0,12187.0,4522.0,12365.0,13925.0,10462.0,4653.0,8570.0,4737.0,4527.0,8343.0,6594.0,21559.0,4679.0,4724.0,10296.0,4811.0,4639.0,11909.0,8760.0,4902.0,2743.0,10498.0,4604.0,4697.0,2986.0,818.0,12357.0,12182.0,2979.0,900.0,2900.0,4623.0,4503.0,966.0,4652.0,6377.0,8519.0,2865.0,4834.0,6642.0,14032.0,8378.0,4665.0,6633.0,95860.0
G_2,19704.0,19665.0,0.0,31227.0,27500.0,19707.0,10262.0,30993.0,15807.0,31283.0,6618.0,10454.0,23527.0,12229.0,16056.0,23434.0,12271.0,25546.0,2899.0,23571.0,15973.0,10314.0,16005.0,23546.0,8376.0,12232.0,15999.0,18001.0,29381.0,23555.0,23542.0,17961.0,19716.0,8637.0,8643.0,21825.0,19698.0,17937.0,23488.0,15874.0,19579.0,23567.0,13959.0,27385.0,17933.0,16028.0,14219.0,6643.0,27204.0,23572.0,14248.0,114816.0
G_3,12191.0,12271.0,31227.0,0.0,4159.0,12050.0,21419.0,898.0,15959.0,779.0,25148.0,21911.0,8067.0,19874.0,15916.0,8555.0,19610.0,6433.0,33054.0,8239.0,16038.0,21659.0,16082.0,8152.0,23393.0,20224.0,16407.0,13693.0,2738.0,8520.0,8539.0,14080.0,11907.0,23798.0,23516.0,10064.0,12054.0,14016.0,8143.0,15883.0,12383.0,8363.0,17800.0,4700.0,14099.0,16087.0,17752.0,25421.0,4387.0,8277.0,17935.0,84253.0
G_4,8482.0,8570.0,27500.0,4159.0,0.0,8310.0,17767.0,4628.0,12321.0,4310.0,21381.0,18205.0,4401.0,16192.0,12221.0,4815.0,15884.0,2706.0,29338.0,4572.0,12326.0,17970.0,12393.0,4455.0,19680.0,16474.0,12757.0,9977.0,2626.0,4743.0,4877.0,10279.0,8220.0,20097.0,19809.0,6371.0,8325.0,10317.0,4369.0,12121.0,8743.0,4669.0,14065.0,978.0,10392.0,12508.0,14059.0,21725.0,610.0,4553.0,14252.0,87722.0
G_5,930.0,830.0,19707.0,12050.0,8310.0,0.0,10024.0,11951.0,4733.0,12056.0,13918.0,10482.0,4433.0,8696.0,4660.0,4649.0,8349.0,6347.0,21805.0,4606.0,4782.0,10396.0,4916.0,4405.0,12128.0,8946.0,5207.0,2643.0,10259.0,4530.0,4627.0,2850.0,668.0,12488.0,12360.0,2693.0,613.0,2742.0,4370.0,4356.0,1205.0,4464.0,6340.0,8430.0,2942.0,4983.0,6741.0,14146.0,8124.0,4510.0,6797.0,95572.0
G_6,10130.0,10103.0,10262.0,21419.0,17767.0,10024.0,0.0,21326.0,6375.0,21549.0,4465.0,1196.0,13788.0,2975.0,6466.0,13863.0,2751.0,15786.0,12324.0,13847.0,6559.0,1006.0,6653.0,13807.0,2645.0,3252.0,6798.0,8260.0,19711.0,13915.0,13911.0,8357.0,10030.0,3079.0,2883.0,12080.0,10006.0,8358.0,13824.0,6352.0,10170.0,13844.0,4423.0,17669.0,8411.0,6697.0,4626.0,4782.0,17523.0,13899.0,4716.0,105046.0
G_7,12090.0,12187.0,30993.0,898.0,4628.0,11951.0,21326.0,0.0,15945.0,929.0,25083.0,21728.0,8127.0,19916.0,16029.0,8438.0,19585.0,6479.0,33034.0,8437.0,16088.0,21655.0,16166.0,8200.0,23418.0,20263.0,16373.0,13833.0,2744.0,8413.0,8469.0,14073.0,11855.0,23886.0,23625.0,10207.0,11895.0,13965.0,8147.0,15745.0,12338.0,8300.0,17672.0,4834.0,14123.0,16220.0,17923.0,25465.0,4329.0,8269.0,18032.0,84448.0
G_8,4641.0,4522.0,15807.0,15959.0,12321.0,4733.0,6375.0,15945.0,0.0,16175.0,10108.0,6805.0,8466.0,4551.0,985.0,8207.0,4565.0,10378.0,17719.0,8302.0,1028.0,6418.0,982.0,8384.0,8236.0,4920.0,1059.0,2837.0,14213.0,8342.0,8437.0,3021.0,4647.0,8518.0,8412.0,6780.0,4630.0,2774.0,8532.0,878.0,4431.0,8428.0,2699.0,12223.0,2735.0,992.0,2676.0,10262.0,12260.0,8535.0,2766.0,99768.0
G_9,12247.0,12365.0,31283.0,779.0,4310.0,12056.0,21549.0,929.0,16175.0,0.0,25165.0,21978.0,8150.0,20072.0,16008.0,8661.0,19694.0,6431.0,33177.0,8387.0,16099.0,21756.0,16194.0,8182.0,23454.0,20312.0,16554.0,13869.0,2739.0,8597.0,8623.0,13996.0,12015.0,23940.0,23642.0,10140.0,12041.0,14093.0,8082.0,15982.0,12482.0,8415.0,17821.0,4812.0,14256.0,16340.0,17875.0,25611.0,4349.0,8295.0,18083.0,84122.0
G_10,13540.0,13925.0,6618.0,25148.0,21381.0,13918.0,4465.0,25083.0,10108.0,25165.0,0.0,4884.0,17568.0,6598.0,10065.0,17552.0,6359.0,19496.0,8502.0,17573.0,10092.0,4545.0,10100.0,17496.0,2552.0,6734.0,10399.0,11900.0,23396.0,17651.0,17721.0,12062.0,13851.0,2922.0,2617.0,15808.0,13825.0,12027.0,17628.0,10161.0,13841.0,17512.0,8227.0,21360.0,12028.0,10166.0,8158.0,981.0,21335.0,17651.0,8231.0,108814.0
G_11,10377.0,10462.0,10454.0,21911.0,18205.0,10482.0,1196.0,21728.0,6805.0,21978.0,4884.0,0.0,14282.0,3453.0,6843.0,14253.0,3106.0,16179.0,12364.0,14306.0,6776.0,1346.0,6809.0,14204.0,3028.0,3647.0,6867.0,8612.0,20118.0,14250.0,14405.0,8671.0,10386.0,3292.0,3256.0,12416.0,10506.0,8757.0,14247.0,6672.0,10518.0,14185.0,4813.0,17988.0,8728.0,6842.0,5091.0,4966.0,18017.0,14152.0,4992.0,105449.0
G_12,4650.0,4653.0,23527.0,8067.0,4401.0,4433.0,13788.0,8127.0,8466.0,8150.0,17568.0,14282.0,0.0,12425.0,8443.0,965.0,12009.0,2583.0,25506.0,779.0,8566.0,14132.0,8626.0,655.0,15783.0,12678.0,8856.0,6195.0,6282.0,874.0,878.0,6477.0,4338.0,16311.0,15927.0,2538.0,4405.0,6570.0,548.0,8298.0,4814.0,810.0,10042.0,4632.0,6737.0,8706.0,10293.0,17957.0,4252.0,607.0,10466.0,91654.0
G_13,8582.0,8570.0,12229.0,19874.0,16192.0,8696.0,2975.0,19916.0,4551.0,20072.0,6598.0,3453.0,12425.0,0.0,4892.0,12230.0,1080.0,14335.0,14087.0,12320.0,4836.0,2865.0,4772.0,12363.0,4641.0,1261.0,4865.0,6778.0,18125.0,12376.0,12288.0,6929.0,8658.0,4930.0,4845.0,10650.0,8582.0,6511.0,12446.0,4893.0,8394.0,12377.0,2988.0,16213.0,6726.0,4799.0,2964.0,6596.0,16230.0,12395.0,2987.0,103571.0
G_14,4575.0,4737.0,16056.0,15916.0,12221.0,4660.0,6466.0,16029.0,985.0,16008.0,10065.0,6843.0,8443.0,4892.0,0.0,8409.0,4589.0,10321.0,17677.0,8376.0,1040.0,6523.0,1059.0,8306.0,8254.0,5093.0,1286.0,2745.0,14194.0,8503.0,8437.0,2799.0,4712.0,8618.0,8498.0,6610.0,4592.0,2864.0,8379.0,1020.0,4636.0,8311.0,2799.0,12072.0,2935.0,1141.0,2704.0,10264.0,12205.0,8586.0,2796.0,99679.0
G_15,4584.0,4527.0,23434.0,8555.0,4815.0,4649.0,13863.0,8438.0,8207.0,8661.0,17552.0,14253.0,965.0,12230.0,8409.0,0.0,11920.0,3029.0,25375.0,859.0,8414.0,13958.0,8566.0,895.0,15747.0,12464.0,8521.0,6461.0,6605.0,753.0,997.0,6653.0,4555.0,16118.0,15865.0,3005.0,4561.0,6513.0,965.0,8305.0,4572.0,1058.0,10025.0,4763.0,6564.0,8498.0,10149.0,17799.0,4717.0,963.0,10239.0,92180.0
G_16,8261.0,8343.0,12271.0,19610.0,15884.0,8349.0,2751.0,19585.0,4565.0,19694.0,6359.0,3106.0,12009.0,1080.0,4589.0,11920.0,0.0,13871.0,14134.0,11995.0,4536.0,2766.0,4598.0,11978.0,4540.0,1269.0,4857.0,6358.0,17690.0,11973.0,12058.0,6404.0,8187.0,4936.0,4752.0,10289.0,8242.0,6415.0,11967.0,4536.0,8456.0,11961.0,2620.0,15842.0,6519.0,4674.0,2669.0,6505.0,15763.0,12051.0,2736.0,103106.0
G_17,6561.0,6594.0,25546.0,6433.0,2706.0,6347.0,15786.0,6479.0,10378.0,6431.0,19496.0,16179.0,2583.0,14335.0,10321.0,3029.0,13871.0,0.0,27370.0,2866.0,10440.0,16067.0,10499.0,2531.0,17720.0,14526.0,10843.0,8130.0,4707.0,2928.0,3015.0,8424.0,6296.0,18101.0,17950.0,4556.0,6320.0,8390.0,2601.0,10195.0,6833.0,2602.0,12037.0,3008.0,8547.0,10608.0,12245.0,19774.0,2576.0,2722.0,12370.0,89975.0
G_18,21608.0,21559.0,2899.0,33054.0,29338.0,21805.0,12324.0,33034.0,17719.0,33177.0,8502.0,12364.0,25506.0,14087.0,17677.0,25375.0,14134.0,27370.0,0.0,25440.0,17898.0,12219.0,17844.0,25403.0,10245.0,14159.0,17707.0,19850.0,31327.0,25525.0,25585.0,19907.0,21722.0,10207.0,10405.0,23657.0,21672.0,19855.0,25577.0,17960.0,21499.0,25382.0,15928.0,29234.0,19797.0,17782.0,16044.0,8320.0,29338.0,25627.0,15972.0,116841.0
G_19,4598.0,4679.0,23571.0,8239.0,4572.0,4606.0,13847.0,8437.0,8302.0,8387.0,17573.0,14306.0,779.0,12320.0,8376.0,859.0,11995.0,2866.0,25440.0,0.0,8487.0,14015.0,8488.0,867.0,15761.0,12619.0,8658.0,6248.0,6576.0,800.0,943.0,6585.0,4526.0,16228.0,15924.0,2850.0,4526.0,6555.0,845.0,8342.0,4671.0,947.0,10169.0,4697.0,6671.0,8534.0,10166.0,17871.0,4643.0,930.0,10287.0,91977.0
G_20,4480.0,4724.0,15973.0,16038.0,12326.0,4782.0,6559.0,16088.0,1028.0,16099.0,10092.0,6776.0,8566.0,4836.0,1040.0,8414.0,4536.0,10440.0,17898.0,8487.0,0.0,6614.0,854.0,8505.0,8279.0,4941.0,1154.0,2873.0,14261.0,8513.0,8662.0,2945.0,4789.0,8567.0,8367.0,6835.0,4670.0,2926.0,8491.0,1097.0,4782.0,8499.0,2914.0,12068.0,2837.0,878.0,2787.0,10271.0,12251.0,8611.0,2775.0,99702.0
G_21,10289.0,10296.0,10314.0,21659.0,17970.0,10396.0,1006.0,21655.0,6418.0,21756.0,4545.0,1346.0,14132.0,2865.0,6523.0,13958.0,2766.0,16067.0,12219.0,14015.0,6614.0,0.0,6573.0,14046.0,2586.0,3050.0,6576.0,8454.0,19914.0,14071.0,14045.0,8599.0,10384.0,3070.0,2904.0,12454.0,10292.0,8511.0,14191.0,6486.0,10207.0,14103.0,4615.0,17862.0,8490.0,6499.0,4634.0,4725.0,17984.0,14185.0,4693.0,105431.0
G_22,4616.0,4811.0,16005.0,16082.0,12393.0,4916.0,6653.0,16166.0,982.0,16194.0,10100.0,6809.0,8626.0,4772.0,1059.0,8566.0,4598.0,10499.0,17844.0,8488.0,854.0,6573.0,0.0,8550.0,8268.0,4963.0,1143.0,2936.0,14353.0,8596.0,8778.0,2967.0,4858.0,8523.0,8410.0,6946.0,4785.0,2807.0,8579.0,1129.0,4871.0,8496.0,2877.0,12310.0,2897.0,842.0,2839.0,10208.0,12432.0,8660.0,2813.0,99773.0
G_23,4566.0,4639.0,23546.0,8152.0,4455.0,4405.0,13807.0,8200.0,8384.0,8182.0,17496.0,14204.0,655.0,12363.0,8306.0,895.0,11978.0,2531.0,25403.0,867.0,8505.0,14046.0,8550.0,0.0,15733.0,12649.0,8777.0,6160.0,6464.0,908.0,988.0,6478.0,4221.0,16186.0,15930.0,2649.0,4395.0,6455.0,654.0,8272.0,4745.0,682.0,10080.0,4536.0,6586.0,8586.0,10246.0,17893.0,4379.0,726.0,10319.0,91827.0
G_24,11871.0,11909.0,8376.0,23393.0,19680.0,12128.0,2645.0,23418.0,8236.0,23454.0,2552.0,3028.0,15783.0,4641.0,8254.0,15747.0,4540.0,17720.0,10245.0,15761.0,8279.0,2586.0,8268.0,15733.0,0.0,4867.0,8346.0,10184.0,21624.0,15767.0,15843.0,10245.0,12096.0,992.0,855.0,14117.0,11948.0,10224.0,15880.0,8322.0,11896.0,15787.0,6345.0,19639.0,10192.0,8279.0,6362.0,2780.0,19632.0,15861.0,6428.0,107079.0
G_25,8783.0,8760.0,12232.0,20224.0,16474.0,8946.0,3252.0,20263.0,4920.0,20312.0,6734.0,3647.0,12678.0,1261.0,5093.0,12464.0,1269.0,14526.0,14159.0,12619.0,4941.0,3050.0,4963.0,12649.0,4867.0,0.0,5098.0,7060.0,18318.0,12547.0,12679.0,7121.0,8975.0,5095.0,4929.0,11010.0,8884.0,6972.0,12627.0,5116.0,8689.0,12664.0,3120.0,16357.0,6910.0,4956.0,3193.0,6742.0,16464.0,12694.0,3229.0,103873.0
G_26,4933.0,4902.0,15999.0,16407.0,12757.0,5207.0,6798.0,16373.0,1059.0,16554.0,10399.0,6867.0,8856.0,4865.0,1286.0,8521.0,4857.0,10843.0,17707.0,8658.0,1154.0,6576.0,1143.0,8777.0,8346.0,5098.0,0.0,3166.0,14568.0,8713.0,8840.0,3304.0,5087.0,8632.0,8636.0,7189.0,4993.0,3215.0,8992.0,1292.0,4651.0,8800.0,2964.0,12553.0,3094.0,1098.0,2954.0,10436.0,12755.0,8872.0,2825.0,100226.0
G_27,2696.0,2743.0,18001.0,13693.0,9977.0,2643.0,8260.0,13833.0,2837.0,13869.0,11900.0,8612.0,6195.0,6778.0,2745.0,6461.0,6358.0,8130.0,19850.0,6248.0,2873.0,8454.0,2936.0,6160.0,10184.0,7060.0,3166.0,0.0,12041.0,6426.0,6554.0,943.0,2442.0,10653.0,10374.0,4424.0,2654.0,992.0,6183.0,2677.0,2937.0,6318.0,4537.0,10149.0,1067.0,3029.0,4611.0,12256.0,10005.0,6298.0,4685.0,97222.0
G_28,10451.0,10498.0,29381.0,2738.0,2626.0,10259.0,19711.0,2744.0,14213.0,2739.0,23396.0,20118.0,6282.0,18125.0,14194.0,6605.0,17690.0,4707.0,31327.0,6576.0,14261.0,19914.0,14353.0,6464.0,21624.0,18318.0,14568.0,12041.0,0.0,6638.0,6697.0,12189.0,10148.0,22030.0,21663.0,8319.0,10121.0,12211.0,6377.0,14023.0,10552.0,6626.0,15966.0,3018.0,12338.0,14423.0,15974.0,23555.0,2669.0,6441.0,16205.0,86061.0
G_29,4689.0,4604.0,23555.0,8520.0,4743.0,4530.0,13915.0,8413.0,8342.0,8597.0,17651.0,14250.0,874.0,12376.0,8503.0,753.0,11973.0,2928.0,25525.0,800.0,8513.0,14071.0,8596.0,908.0,15767.0,12547.0,8713.0,6426.0,6638.0,0.0,1126.0,6624.0,4550.0,16221.0,15994.0,2987.0,4542.0,6510.0,904.0,8187.0,4773.0,1031.0,10092.0,4756.0,6601.0,8575.0,10285.0,17945.0,4683.0,966.0,10378.0,92054.0
G_30,4854.0,4697.0,23542.0,8539.0,4877.0,4627.0,13911.0,8469.0,8437.0,8623.0,17721.0,14405.0,878.0,12288.0,8437.0,997.0,12058.0,3015.0,25585.0,943.0,8662.0,14045.0,8778.0,988.0,15843.0,12679.0,8840.0,6554.0,6697.0,1126.0,0.0,6718.0,4578.0,16320.0,16061.0,2917.0,4588.0,6754.0,931.0,8357.0,4760.0,1084.0,10204.0,4961.0,6810.0,8683.0,10420.0,17905.0,4657.0,962.0,10502.0,92081.0
G_31,2764.0,2986.0,17961.0,14080.0,10279.0,2850.0,8357.0,14073.0,3021.0,13996.0,12062.0,8671.0,6477.0,6929.0,2799.0,6653.0,6404.0,8424.0,19907.0,6585.0,2945.0,8599.0,2967.0,6478.0,10245.0,7121.0,3304.0,943.0,12189.0,6624.0,6718.0,0.0,2928.0,10546.0,10483.0,4856.0,2690.0,989.0,6517.0,2843.0,3023.0,6528.0,4571.0,10305.0,1167.0,3114.0,4734.0,12266.0,10311.0,6683.0,4865.0,97696.0
G_32,874.0,818.0,19716.0,11907.0,8220.0,668.0,10030.0,11855.0,4647.0,12015.0,13851.0,10386.0,4338.0,8658.0,4712.0,4555.0,8187.0,6296.0,21722.0,4526.0,4789.0,10384.0,4858.0,4221.0,12096.0,8975.0,5087.0,2442.0,10148.0,4550.0,4578.0,2928.0,0.0,12533.0,12321.0,2554.0,799.0,2849.0,4274.0,4476.0,1202.0,4427.0,6338.0,8294.0,2924.0,4902.0,6621.0,14128.0,8007.0,4337.0,6583.0,95429.0
G_33,12222.0,12357.0,8637.0,23798.0,20097.0,12488.0,3079.0,23886.0,8518.0,23940.0,2922.0,3292.0,16311.0,4930.0,8618.0,16118.0,4936.0,18101.0,10207.0,16228.0,8567.0,3070.0,8523.0,16186.0,992.0,5095.0,8632.0,10653.0,22030.0,16221.0,16320.0,10546.0,12533.0,0.0,996.0,14584.0,12435.0,10674.0,16290.0,8755.0,12361.0,16148.0,6711.0,19986.0,10508.0,8497.0,6826.0,2857.0,20019.0,16312.0,6723.0,107588.0
G_34,12048.0,12182.0,8643.0,23516.0,19809.0,12360.0,2883.0,23625.0,8412.0,23642.0,2617.0,3256.0,15927.0,4845.0,8498.0,15865.0,4752.0,17950.0,10405.0,15924.0,8367.0,2904.0,8410.0,15930.0,855.0,4929.0,8636.0,10374.0,21663.0,15994.0,16061.0,10483.0,12321.0,996.0,0.0,14245.0,12216.0,10449.0,16067.0,8513.0,12142.0,15995.0,6577.0,19616.0,10389.0,8387.0,6523.0,2917.0,19844.0,16006.0,6609.0,107244.0
G_35,2976.0,2979.0,21825.0,10064.0,6371.0,2693.0,12080.0,10207.0,6780.0,10140.0,15808.0,12416.0,2538.0,10650.0,6610.0,3005.0,10289.0,4556.0,23657.0,2850.0,6835.0,12454.0,6946.0,2649.0,14117.0,11010.0,7189.0,4424.0,8319.0,2987.0,2917.0,4856.0,2554.0,14584.0,14245.0,0.0,2782.0,4890.0,2560.0,6578.0,3099.0,2720.0,8390.0,6579.0,4992.0,6981.0,8619.0,16143.0,6305.0,2639.0,8723.0,93560.0
G_36,854.0,900.0,19698.0,12054.0,8325.0,613.0,10006.0,11895.0,4630.0,12041.0,13825.0,10506.0,4405.0,8582.0,4592.0,4561.0,8242.0,6320.0,21672.0,4526.0,4670.0,10292.0,4785.0,4395.0,11948.0,8884.0,4993.0,2654.0,10121.0,4542.0,4588.0,2690.0,799.0,12435.0,12216.0,2782.0,0.0,2668.0,4467.0,4417.0,972.0,4501.0,6279.0,8424.0,2824.0,4850.0,6547.0,14074.0,8225.0,4547.0,6641.0,95661.0
G_37,2806.0,2900.0,17937.0,14016.0,10317.0,2742.0,8358.0,13965.0,2774.0,14093.0,12027.0,8757.0,6570.0,6511.0,2864.0,6513.0,6415.0,8390.0,19855.0,6555.0,2926.0,8511.0,2807.0,6455.0,10224.0,6972.0,3215.0,992.0,12211.0,6510.0,6754.0,989.0,2849.0,10674.0,10449.0,4890.0,2668.0,0.0,6583.0,2696.0,2943.0,6503.0,4666.0,10417.0,1069.0,3006.0,4743.0,12172.0,10316.0,6669.0,4817.0,97662.0
G_38,4667.0,4623.0,23488.0,8143.0,4369.0,4370.0,13824.0,8147.0,8532.0,8082.0,17628.0,14247.0,548.0,12446.0,8379.0,965.0,11967.0,2601.0,25577.0,845.0,8491.0,14191.0,8579.0,654.0,15880.0,12627.0,8992.0,6183.0,6377.0,904.0,931.0,6517.0,4274.0,16290.0,16067.0,2560.0,4467.0,6583.0,0.0,8199.0,4940.0,727.0,10093.0,4609.0,6694.0,8712.0,10393.0,17938.0,4122.0,645.0,10524.0,91551.0
G_39,4650.0,4503.0,15874.0,15883.0,12121.0,4356.0,6352.0,15745.0,878.0,15982.0,10161.0,6672.0,8298.0,4893.0,1020.0,8305.0,4536.0,10195.0,17960.0,8342.0,1097.0,6486.0,1129.0,8272.0,8322.0,5116.0,1292.0,2677.0,14023.0,8187.0,8357.0,2843.0,4476.0,8755.0,8513.0,6578.0,4417.0,2696.0,8199.0,0.0,4738.0,8271.0,2564.0,12159.0,2805.0,1133.0,2883.0,10339.0,11972.0,8288.0,2976.0,99390.0
G_40,1035.0,966.0,19579.0,12383.0,8743.0,1205.0,10170.0,12338.0,4431.0,12482.0,13841.0,10518.0,4814.0,8394.0,4636.0,4572.0,8456.0,6833.0,21499.0,4671.0,4782.0,10207.0,4871.0,4745.0,11896.0,8689.0,4651.0,2937.0,10552.0,4773.0,4760.0,3023.0,1202.0,12361.0,12142.0,3099.0,972.0,2943.0,4940.0,4738.0,0.0,4854.0,6452.0,8620.0,2958.0,4775.0,6392.0,14099.0,8727.0,4908.0,6541.0,96227.0
G_41,4600.0,4652.0,23567.0,8363.0,4669.0,4464.0,13844.0,8300.0,8428.0,8415.0,17512.0,14185.0,810.0,12377.0,8311.0,1058.0,11961.0,2602.0,25382.0,947.0,8499.0,14103.0,8496.0,682.0,15787.0,12664.0,8800.0,6318.0,6626.0,1031.0,1084.0,6528.0,4427.0,16148.0,15995.0,2720.0,4501.0,6503.0,727.0,8271.0,4854.0,0.0,10106.0,4702.0,6727.0,8633.0,10300.0,17793.0,4466.0,890.0,10361.0,91970.0
G_42,6414.0,6377.0,13959.0,17800.0,14065.0,6340.0,4423.0,17672.0,2699.0,17821.0,8227.0,4813.0,10042.0,2988.0,2799.0,10025.0,2620.0,12037.0,15928.0,10169.0,2914.0,4615.0,2877.0,10080.0,6345.0,3120.0,2964.0,4537.0,15966.0,10092.0,10204.0,4571.0,6338.0,6711.0,6577.0,8390.0,6279.0,4666.0,10093.0,2564.0,6452.0,10106.0,0.0,13993.0,4799.0,2931.0,946.0,8372.0,13879.0,10115.0,1025.0,101373.0
G_43,8399.0,8519.0,27385.0,4700.0,978.0,8430.0,17669.0,4834.0,12223.0,4812.0,21360.0,17988.0,4632.0,16213.0,12072.0,4763.0,15842.0,3008.0,29234.0,4697.0,12068.0,17862.0,12310.0,4536.0,19639.0,16357.0,12553.0,10149.0,3018.0,4756.0,4961.0,10305.0,8294.0,19986.0,19616.0,6579.0,8424.0,10417.0,4609.0,12159.0,8620.0,4702.0,13993.0,0.0,10357.0,12334.0,14001.0,21735.0,978.0,4792.0,14148.0,88459.0
G_44,2804.0,2865.0,17933.0,14099.0,10392.0,2942.0,8411.0,14123.0,2735.0,14256.0,12028.0,8728.0,6737.0,6726.0,2935.0,6564.0,6519.0,8547.0,19797.0,6671.0,2837.0,8490.0,2897.0,6586.0,10192.0,6910.0,3094.0,1067.0,12338.0,6601.0,6810.0,1167.0,2924.0,10508.0,10389.0,4992.0,2824.0,1069.0,6694.0,2805.0,2958.0,6727.0,4799.0,10357.0,0.0,3007.0,4726.0,12266.0,10422.0,6682.0,4710.0,97761.0
G_45,4647.0,4834.0,16028.0,16087.0,12508.0,4983.0,6697.0,16220.0,992.0,16340.0,10166.0,6842.0,8706.0,4799.0,1141.0,8498.0,4674.0,10608.0,17782.0,8534.0,878.0,6499.0,842.0,8586.0,8279.0,4956.0,1098.0,3029.0,14423.0,8575.0,8683.0,3114.0,4902.0,8497.0,8387.0,6981.0,4850.0,3006.0,8712.0,1133.0,4775.0,8633.0,2931.0,12334.0,3007.0,0.0,2872.0,10178.0,12512.0,8683.0,2837.0,99948.0
G_46,6419.0,6642.0,14219.0,17752.0,14059.0,6741.0,4626.0,17923.0,2676.0,17875.0,8158.0,5091.0,10293.0,2964.0,2704.0,10149.0,2669.0,12245.0,16044.0,10166.0,2787.0,4634.0,2839.0,10246.0,6362.0,3193.0,2954.0,4611.0,15974.0,10285.0,10420.0,4734.0,6621.0,6826.0,6523.0,8619.0,6547.0,4743.0,10393.0,2883.0,6392.0,10300.0,946.0,14001.0,4726.0,2872.0,0.0,8505.0,14174.0,10397.0,860.0,101453.0
G_47,14025.0,14032.0,6643.0,25421.0,21725.0,14146.0,4782.0,25465.0,10262.0,25611.0,981.0,4966.0,17957.0,6596.0,10264.0,17799.0,6505.0,19774.0,8320.0,17871.0,10271.0,4725.0,10208.0,17893.0,2780.0,6742.0,10436.0,12256.0,23555.0,17945.0,17905.0,12266.0,14128.0,2857.0,2917.0,16143.0,14074.0,12172.0,17938.0,10339.0,14099.0,17793.0,8372.0,21735.0,12266.0,10178.0,8505.0,0.0,21711.0,17973.0,8421.0,109094.0
G_48,8376.0,8378.0,27204.0,4387.0,610.0,8124.0,17523.0,4329.0,12260.0,4349.0,21335.0,18017.0,4252.0,16230.0,12205.0,4717.0,15763.0,2576.0,29338.0,4643.0,12251.0,17984.0,12432.0,4379.0,19632.0,16464.0,12755.0,10005.0,2669.0,4683.0,4657.0,10311.0,8007.0,20019.0,19844.0,6305.0,8225.0,10316.0,4122.0,11972.0,8727.0,4466.0,13879.0,978.0,10422.0,12512.0,14174.0,21711.0,0.0,4383.0,14280.0,87786.0
G_49,4684.0,4665.0,23572.0,8277.0,4553.0,4510.0,13899.0,8269.0,8535.0,8295.0,17651.0,14152.0,607.0,12395.0,8586.0,963.0,12051.0,2722.0,25627.0,930.0,8611.0,14185.0,8660.0,726.0,15861.0,12694.0,8872.0,6298.0,6441.0,966.0,962.0,6683.0,4337.0,16312.0,16006.0,2639.0,4547.0,6669.0,645.0,8288.0,4908.0,890.0,10115.0,4792.0,6682.0,8683.0,10397.0,17973.0,4383.0,0.0,10503.0,91730.0
G_50,6446.0,6633.0,14248.0,17935.0,14252.0,6797.0,4716.0,18032.0,2766.0,18083.0,8231.0,4992.0,10466.0,2987.0,2796.0,10239.0,2736.0,12370.0,15972.0,10287.0,2775.0,4693.0,2813.0,10319.0,6428.0,3229.0,2825.0,4685.0,16205.0,10378.0,10502.0,4865.0,6583.0,6723.0,6609.0,8723.0,6641.0,4817.0,10524.0,2976.0,6541.0,10361.0,1025.0,14148.0,4710.0,2837.0,860.0,8421.0,14280.0,10503.0,0.0,101701.0
G_51,95951.0,95860.0,114816.0,84253.0,87722.0,95572.0,105046.0,84448.0,99768.0,84122.0,108814.0,105449.0,91654.0,103571.0,99679.0,92180.0,103106.0,89975.0,116841.0,91977.0,99702.0,105431.0,99773.0,91827.0,107079.0,103873.0,100226.0,97222.0,86061.0,92054.0,92081.0,97696.0,95429.0,107588.0,107244.0,93560.0,95661.0,97662.0,91551.0,99390.0,96227.0,91970.0,101373.0,88459.0,97761.0,99948.0,101453.0,109094.0,87786.0,91730.0,101701.0,0.0
